127
127
-128
89
123
-66
-117
-2
-23
-65
-89
43
-128
-128
-78
47
127
127
127
127
127
127
127
127
127
127
127
127
127
127
127
127
-72
-128
-128
-128
-128
-128
-116
-128
-128
-115
-128
-115
-128
-74
-128
-75
127
127
127
127
127
127
127
127
20
127
127
127
127
127
127
127
-24
127
127
127
-69
-82
127
99
-36
-128
127
89
127
127
127
127
-110
119
127
123
-98
127
127
-128
-128
9
-30
-128
-111
-128
-128
-128
127
81
0
57
16
74
127
63
127
127
127
127
127
127
127
127
-128
-128
-128
-79
-128
-128
-128
-128
-128
-128
-128
-116
-128
-18
7
-105
62
124
78
44
-102
-128
-63
121
-25
73
37
127
-56
-33
-28
3
127
127
127
127
127
127
127
127
127
127
127
127
127
127
127
127
-128
-128
-128
-128
-128
-128
-128
-128
-128
-128
-128
-128
-128
-128
-128
-128
127
99
-38
79
127
-43
127
47
76
-82
-2
-52
-74
47
-31
-13
-60
-128
-35
-7
113
57
-62
-42
42
-75
-72
-98
-49
-128
-107
47
127
127
127
127
127
127
127
127
127
127
127
127
127
127
127
127
-25
-62
73
127
89
42
-88
110
64
-66
-100
-128
-89
-122
69
-128
29
81
-128
-93
-38
-121
57
17
-104
76
72
127
-44
-74
-69
-4
