-54
-53
-64
-66
-103
-60
-89
-128
-128
-92
-50
-64
-65
-69
-51
-54
-78
-110
-84
-28
-79
-128
-128
-93
-28
-28
-71
-54
-66
-39
-19
-117
-103
39
13
-113
-121
-69
-33
-83
-105
-67
38
66
-29
-96
-45
0
-2
-66
-88
-78
-80
-98
-89
-50
-76
-16
-26
-22
-24
20
12
-33
-90
-45
-11
-120
-127
-128
-128
-128
-90
-81
-121
-1
31
-36
-19
-55
-128
-122
-73
-128
-128
-128
-128
-128
-100
49
-47
-58
-128
-128
-128
-103
-128
-128
-128
-128
-128
-128
25
-84
-128
-128
-128
-85
-124
-128
-81
-109
-128
-128
-128
-36
-50
-128
-128
-128
-83
-38
-11
-29
-85
-128
-128
-113
-68
-81
-96
-102
-128
-128
-128
-115
-54
-80
-62
-35
-104
-58
-81
-92
-128
-118
-128
-128
-128
-95
-79
-78
-67
-43
-87
-128
-27
-35
-64
-63
-68
-69
-100
-87
-89
-128
-107
-128
-128
-8
-47
-39
-47
-82
-97
-68
-67
-91
-56
-43
-64
-83
-23
-48
-21
-72
-107
-16
14
-18
-90
-62
-46
-64
-43
-69
-55
-54
-39
-37
-17
-64
-42
5
-26
-71
-75
-38
-102
-81
-52
4
48
84
-15
-81
-4
-10
-66
-92
-59
-115
-49
-34
-3
34
48
-19
-40
-63
-16
-40
-103
-74
-70
0
42
-21
-58
-42
-84
-128
-102
-46
-89
-73
-94
-65
41
67
-58
-92
-95
-128
-128
-128
-105
-128
-128
-113
-26
26
-6
-128
-128
-126
-128
-128
-128
-86
-128
-128
-128
-60
-40
-50
-113
-116
-116
-121
-87
-103
-128
-128
-128
-65
-1
-24
-58
-87
-58
-104
-89
-63
-61
-60
-89
-114
-73
-38
-42
-80
-128
-128
-120
-122
-96
-40
-48
-52
-40
-76
-95
-67
-59
-81
-104
-128
-126
-82
-73
-38
-52
-23
-89
-52
-39
-51
-20
-38
-62
-54
-52
-52
-56
-94
-66
-97
-40
-29
10
13
-11
-29
-31
-16
-48
-54
-22
7
19
-47
-38
-20
-9
-9
-37
-84
-31
23
-13
-67
-34
11
-27
-15
-20
4
-22
-5
-70
-90
-18
33
-3
-53
-32
-21
-14
-45
-34
-6
-33
-47
-47
-42
-20
8
-20
-34
0
-16
-40
-48
-67
-128
-82
-29
-52
-21
10
8
-17
7
-5
-46
-70
-79
-72
-117
-34
-8
-11
13
61
44
-11
-45
-106
-56
-9
-3
-33
30
0
-21
17
92
48
-50
-76
-82
-9
80
-56
44
107
52
-14
82
127
55
-57
-109
-122
50
127
33
127
104
61
-19
17
94
55
-52
-40
36
57
46
41
61
10
-4
5
71
29
-28
-31
-18
24
-15
-58
-40
-24
-26
-20
-11
5
-2
-46
16
8
-21
-1
-3
1
-6
-33
-13
0
-50
-40
-39
-42
-1
32
34
43
30
21
-5
-28
-14
-28
-65
-81
41
46
36
33
44
27
22
67
30
35
25
49
47
39
33
28
67
62
-15
-29
89
31
15
-2
41
36
45
35
35
67
-9
9
33
25
38
65
24
25
51
72
55
9
-17
-27
20
57
66
55
85
21
36
46
46
28
-15
5
44
35
66
91
46
48
73
62
46
55
-10
-20
75
80
103
104
123
96
63
107
38
2
30
-24
73
123
45
127
127
95
40
50
127
51
22
28
32
127
127
92
110
72
55
70
79
127
40
19
61
105
91
78
42
85
48
54
43
50
74
38
-4
72
37
67
64
73
91
24
51
67
67
24
14
-3
26
58
75
65
105
73
37
35
38
40
66
19
15
44
33
42
55
37
55
42
25
61
42
24
38
69
43
33
60
27
16
40
39
24
66
43
25
30
4
-1
42
60
53
70
76
73
68
87
86
59
55
70
58
84
56
67
98
91
58
30
61
71
79
74
63
61
82
71
75
85
43
19
49
5
3
46
72
80
79
87
88
51
-15
-76
-42
68
60
-19
-2
79
81
68
86
61
41
22
22
-12
-34
7
25
-10
-14
73
59
65
20
34
68
31
28
35
28
-31
26
22
32
78
62
-44
-3
32
-37
-39
3
7
-63
-20
50
49
58
22
-56
11
24
24
-7
-40
-3
-60
-12
51
49
57
22
-17
-18
0
7
-9
-20
-9
-31
2
50
19
57
30
-16
-11
20
-6
1
25
21
9
2
35
10
65
51
0
35
52
64
80
59
54
37
38
41
39
54
45
61
47
31
42
71
81
73
69
62
50
60
49
15
45
40
39
33
45
55
70
68
75
58
51
-74
-96
-78
-68
-91
-128
-113
-80
-112
-125
-75
-81
-109
-115
-115
-94
-100
-128
-120
-74
-104
-77
-84
-106
-115
-88
-127
-96
-98
-116
-125
-52
-74
-128
-106
-58
-88
-110
-128
-109
-110
-128
-108
-56
-50
-69
-98
-128
-113
-92
-97
-125
-115
-128
-100
-72
-86
-118
-90
-86
-128
-128
-112
-95
-97
-116
-106
-86
-118
-112
-128
-128
-128
-128
-128
-128
-128
-89
-100
-53
-119
-128
-99
-97
-128
-128
-128
-128
-128
-128
-94
-82
-57
-128
-128
-123
-128
-128
-93
-62
-122
-128
-128
-117
-74
-117
-128
-128
-64
-76
-47
-19
-13
-122
-128
-128
-72
-81
-79
-91
-85
-61
-52
-40
-61
-28
-80
-95
-108
-84
-87
-44
-20
-71
-128
-128
-128
-104
-101
-72
-74
-65
-72
-101
-91
-106
-83
-97
-112
-118
-106
-80
-71
-104
-80
-55
-110
-84
-71
-58
-38
-52
-42
-72
-91
-95
-106
-105
-121
127
127
127
127
127
127
127
127
127
127
127
127
127
127
127
127
127
127
127
127
127
127
127
127
127
127
127
127
127
127
127
127
125
121
127
127
127
127
127
127
127
127
127
127
127
127
127
127
127
127
127
127
127
127
127
127
127
127
127
127
127
127
127
127
127
127
127
127
127
127
127
127
127
127
127
127
127
127
127
127
127
127
127
127
127
127
127
125
105
127
127
127
127
127
127
127
127
127
127
127
127
127
127
127
127
127
125
127
127
127
127
127
127
127
127
127
127
127
127
127
127
127
127
127
127
127
127
127
127
127
127
127
127
127
127
127
127
127
127
127
127
127
127
127
127
127
127
127
127
127
127
127
127
127
127
127
127
127
127
127
127
127
127
127
127
127
127
127
120
-94
-44
-83
-86
-60
-55
-47
-27
-73
-78
-102
-67
-57
-67
-55
-65
4
12
-93
-128
-51
-51
-81
-81
-75
-60
-40
-49
-53
-25
-74
-128
-128
-128
-124
-74
-116
-105
-68
-18
-24
-76
-127
-128
-128
-128
-115
-110
-101
-102
-111
-51
-17
-43
-115
-128
-128
-128
-128
-127
-93
-110
-34
-48
-69
-38
-118
-128
-99
-73
-107
-57
-13
-25
-73
41
-30
-107
-70
-128
-128
-30
-113
-41
7
-5
-35
-35
47
-2
-97
-109
-128
-43
23
-74
13
26
-26
-107
-67
52
25
-22
-75
-101
15
-40
-75
-57
-101
-121
-96
-44
-20
-6
-103
-107
-90
-66
-123
-128
-107
-104
-92
-78
-32
-111
-98
-116
-95
-114
-128
-89
-33
-41
-44
-58
-87
-107
-108
-112
-88
-67
-63
-71
-69
-45
-30
-44
-71
-60
-118
-73
-47
-54
-111
-78
-64
-87
-99
-110
-87
-76
-73
-58
-48
-59
-95
-128
-128
-128
-128
-128
-128
-128
-128
-128
-128
-128
-128
-128
-128
-128
-128
-128
-128
-97
-128
-128
-128
-111
-128
-128
-128
-128
-128
-128
-128
-128
-96
-121
-128
-128
-128
-128
-128
-128
-128
-128
-128
-128
-128
-128
-128
-128
-128
-128
-128
-128
-128
-128
-128
-123
-128
-128
-128
-128
-128
-128
-128
-128
-128
-128
-128
-128
-98
-128
-128
-128
-128
-128
-128
-128
-128
-128
-128
-128
-128
-124
-128
-128
-128
-128
-128
-128
-128
-128
-128
-128
-128
-128
-128
-128
-128
-128
-128
-128
-128
-128
-128
-128
-128
-128
-128
-128
-128
-128
-128
-128
-128
-128
-128
-128
-128
-128
-128
-128
-128
-128
-128
-128
-128
-128
-128
-128
-128
-128
-128
-128
-128
-128
-128
-128
-128
-128
-128
-128
-128
-128
-128
-128
-128
-128
-128
-128
-128
-128
-128
-128
-128
-128
-128
-128
-128
-128
-128
-128
-128
-128
-128
-128
-128
-128
-128
-128
-128
-128
-128
-128
-128
-128
-128
-128
-128
-128
-128
-128
-128
-128
-128
-128
-128
-128
-128
-128
-128
-128
-128
-128
-128
-128
-128
-128
-128
-128
-128
-128
-128
-128
-128
-128
-128
-128
-128
-128
-128
-128
-128
-128
-128
-128
-128
-128
-128
-128
-128
-128
-128
-128
-128
-128
-128
-128
-128
-128
-128
-128
-128
-128
-128
-128
-128
-128
-128
-128
-128
-128
-128
-128
-128
-128
-128
-128
-128
-128
-128
-128
-128
-128
-128
-128
-128
-128
-128
-128
-128
-128
-128
-128
-128
-128
-128
-128
-128
-128
-128
-128
-128
-128
-128
-128
-128
-128
-128
-128
-128
-128
-128
-128
-128
-128
-128
-128
-128
-128
-128
-128
-128
-128
-128
-128
-128
-128
-128
-128
-128
-128
-128
-128
-128
-128
-128
-128
-128
-128
-128
-128
-128
-128
-128
-128
-128
-128
-128
-128
-128
-128
-128
-128
-128
-128
-128
-128
-128
-128
-128
-128
-128
-128
-128
-128
-128
-128
-128
-128
-128
-71
-81
-76
-60
-85
-116
-70
-109
-121
-117
-93
-44
-78
-65
-62
-52
-53
-89
-128
-128
32
-26
-128
-128
-63
-52
-22
-53
-51
-46
-60
-80
-128
8
11
-29
-82
-60
-23
-43
-89
-104
-73
8
-39
-29
44
48
49
-24
-43
-48
-56
-87
-104
-93
-39
-52
31
28
14
30
37
11
-36
-34
-74
-106
-87
-9
-96
-69
13
13
-26
12
24
-21
-27
-75
-82
-30
-21
-54
-104
-96
-100
-120
-13
11
-57
-49
-83
-90
-17
-91
-51
-107
-92
-110
-82
26
30
-49
-68
-128
-57
-25
-50
-16
-26
-81
-100
-128
-69
-74
-101
-89
-128
-68
-90
-10
39
8
-27
-80
-112
-128
-128
-76
-51
-91
-105
-78
-99
-50
-54
-34
-42
-32
-42
-37
-69
-52
-73
-98
-111
-128
-97
-114
-91
-32
-56
-42
-50
-89
-50
-21
-12
-60
-78
-67
-54
-77
-39
-78
-92
-128
-128
-79
-86
-101
-85
-102
-90
-69
-120
-107
-113
-121
-85
-62
-88
-62
-63
-70
-69
-125
-88
-98
-111
-125
-128
-72
-65
-86
-93
-92
-51
-35
-128
-128
-77
-41
-128
-128
-72
-84
-94
-103
-117
-77
-80
-106
-128
-128
-128
-107
-107
-97
-87
-79
-68
-107
-121
-128
-128
-128
-128
-126
-110
-88
-128
-125
-54
-66
-125
-128
-128
-128
-128
-128
-128
-128
-128
-128
-123
-56
-83
-128
-128
-128
-128
-128
-128
-128
-128
-128
-123
-122
-99
-128
-128
-128
-128
-128
-128
-121
-128
-128
-128
-74
-98
-128
-128
-128
-109
-128
-125
-106
-109
-128
-128
-103
-88
-128
-128
-128
-128
-128
-77
-128
-122
-128
-128
-128
-128
-110
-128
-122
-128
-128
-128
-128
-126
-89
-75
-108
-90
-128
-128
-123
-103
-125
-116
-105
-114
-112
-96
-91
-101
-115
-117
-128
-128
-89
-96
-90
-103
-116
-88
-100
-117
-83
-113
-118
-128
-128
-19
13
-33
-10
-5
-16
-28
2
0
8
-29
-21
-6
-17
-28
-20
30
24
-73
-100
-35
-23
-47
-39
-29
-58
7
19
5
7
-68
-76
-11
-23
-95
-68
-47
-26
-22
41
37
-22
-87
-111
-103
-71
-34
-31
-52
-44
-9
1
22
-17
-77
-67
-55
-65
-70
-25
2
-15
-2
7
-6
-7
-75
-78
-15
-17
30
64
76
65
40
54
-11
-40
-24
-76
4
79
25
57
127
97
28
16
84
-5
-34
-30
-35
118
127
78
72
39
11
-24
18
86
20
-16
0
-3
68
4
-56
29
-27
-47
-24
50
39
-29
-94
-20
-20
28
-38
-72
1
11
21
-14
-13
-89
-108
-76
15
-27
-18
23
55
37
6
-7
-31
-63
-66
-22
-21
-6
18
9
-7
5
29
1
-8
1
-10
5
31
43
-67
-36
-9
-20
-38
-27
-33
-17
-5
-5
20
-7
-39
-128
-128
-128
-128
-128
-128
-128
-128
-128
-128
-128
-128
-128
-128
-128
-128
-128
-128
-128
-128
-128
-128
-128
-128
-128
-128
-128
-128
-128
-128
-128
-128
-128
-128
-128
-128
-128
-128
-128
-128
-128
-128
-128
-128
-128
-128
-128
-128
-128
-128
-128
-128
-128
-128
-128
-128
-128
-128
-128
-128
-128
-128
-128
-128
-128
-128
-128
-128
-128
-128
-128
-128
-128
-128
-128
-128
-128
-128
-128
-128
-128
-128
-128
-128
-128
-128
-128
-128
-128
-128
-128
-128
-128
-128
-128
-128
-128
-128
-128
-128
-128
-128
-128
-128
-128
-128
-128
-128
-128
-128
-128
-128
-128
-128
-128
-128
-128
-128
-128
-128
-128
-128
-128
-128
-128
-128
-128
-128
-128
-128
-128
-128
-128
-128
-128
-128
-128
-128
-128
-128
-128
-128
-128
-128
-128
-128
-128
-128
-128
-128
-128
-128
-128
-128
-128
-128
-128
-128
-128
-128
-128
-128
-128
-128
-128
-128
-128
-128
-128
-128
-128
-128
-128
-128
-128
-128
-128
-128
-128
-128
-128
-128
-128
-128
-128
-128
-128
-128
-128
-128
-128
-128
-128
-128
-128
-128
-128
-128
-128
-128
-128
-128
-128
-128
-128
-128
-128
-128
-128
-128
-128
-128
-128
-128
-128
-128
-128
-128
-128
-128
-128
-128
-128
-128
-128
-128
-128
-128
-128
-128
-128
-128
-128
-128
-128
-128
-128
-128
-128
-128
-128
-128
-128
-128
-128
-128
-128
-128
-128
-128
-128
-128
-128
-128
-128
-128
-128
-128
-128
-128
-128
-128
-128
-128
-128
-128
-128
-128
-128
-128
-128
-128
-128
-128
-128
-128
-128
-128
-128
-128
-128
-128
-128
-128
-128
-128
-128
-128
-128
-128
-128
-128
-128
-128
-128
-128
-128
-128
-128
-128
-128
-128
-128
-128
-128
-128
-128
-128
-128
-128
-128
-128
-128
-128
-128
-128
-128
-128
-128
-128
-128
-128
-128
-128
-128
-128
-128
-128
-128
-128
-128
-128
-128
-128
-128
-128
-128
-128
127
127
127
127
127
127
127
103
127
127
127
127
118
127
127
127
122
114
127
127
115
89
127
127
127
120
127
127
127
127
127
127
127
127
127
91
124
127
127
127
127
127
127
127
127
127
127
127
127
127
127
127
122
127
127
127
127
127
127
127
127
127
127
127
127
121
127
127
127
127
127
127
123
117
127
127
127
127
127
127
127
127
124
60
59
44
82
34
86
127
127
127
127
127
127
82
57
15
13
32
86
47
93
127
127
127
127
36
45
75
73
97
117
96
97
114
127
127
127
64
77
127
127
127
127
127
109
68
127
127
127
127
127
107
118
127
127
127
127
127
127
127
127
127
127
127
117
99
106
127
127
127
127
127
127
127
127
127
127
127
127
127
127
127
127
127
127
127
127
