-5
-3
-14
-17
-2
-4
-6
-1
-5
-6
4
-7
27
12
-9
2
-17
-3
9
5
-8
16
19
1
16
21
1
4
10
13
-2
2
-2
-3
-17
-14
7
4
7
2
-2
3
0
0
1
-10
10
14
6
8
-11
1
2
-2
3
-1
-3
-14
-14
-2
-12
-15
1
-12
-18
-18
-9
-16
-7
-5
-7
-8
3
3
10
-3
5
5
-7
4
3
20
-10
-12
-5
31
-4
-17
0
2
7
-3
0
-13
-9
7
2
8
-4
-18
14
4
7
3
-10
15
-15
2
-12
6
11
-1
-20
9
21
5
-19
1
-9
7
0
-17
14
1
-11
10
2
7
6
-10
-16
-12
7
9
3
-14
-7
19
-19
-2
12
-12
0
14
16
17
1
2
17
19
13
9
3
-5
8
-11
24
10
-8
-17
-29
-17
-18
-13
-10
-12
-14
-4
-9
-10
-4
10
13
15
-3
0
-2
-5
-14
-12
15
5
9
1
-1
6
1
0
2
-2
9
15
12
5
-6
7
5
5
-1
-3
0
-7
-2
2
-9
-10
1
7
-5
-13
11
7
13
4
0
1
-6
-3
0
0
5
7
-3
11
7
19
-14
-10
-3
24
0
-18
-6
0
4
-11
-9
-17
-8
6
3
16
10
-18
12
2
11
3
-14
12
-20
-1
-22
7
10
-7
-20
14
20
4
-20
3
-6
2
8
-15
8
8
-11
-2
1
14
8
-13
-20
-10
7
6
3
-9
-1
13
-15
-4
10
-5
0
4
-3
-6
-6
-17
-13
-6
5
-8
-5
-7
-1
-7
22
12
-6
-6
-16
-6
7
4
11
-7
-7
1
-6
-11
-1
6
13
13
-4
-1
1
-8
-14
-14
8
2
-1
-1
-7
-7
-7
-8
-1
-17
-3
2
-8
-12
-24
-9
-10
-8
6
-11
-3
0
-17
-13
12
-13
-14
6
2
-1
13
17
26
1
3
13
-1
-1
-10
14
10
-1
10
15
0
24
-14
-15
6
26
-4
-15
-3
0
6
-12
-11
-20
-14
9
5
16
16
-25
18
9
2
12
-10
8
-13
8
-10
5
9
1
-25
9
18
1
-16
7
-9
-1
9
-11
1
7
-7
0
2
10
9
-10
-17
-9
4
8
-2
-9
2
9
-13
2
2
-8
4
7
