0
0
0
0
0
0
0
38
66
39
13
0
0
0
0
0
20
31
0
0
0
0
0
49
0
0
0
0
0
0
0
0
0
0
0
0
0
0
0
14
0
0
0
4
84
0
5
0
0
42
48
0
0
0
41
67
0
0
0
0
0
0
0
0
0
0
0
0
0
0
0
0
0
13
0
0
23
7
0
4
0
0
33
8
7
0
0
0
0
61
0
0
80
107
52
127
0
57
127
127
61
94
16
24
1
0
0
5
46
67
62
89
35
49
72
67
20
66
85
36
55
75
103
123
96
107
32
127
127
127
79
127
105
91
91
54
67
74
58
75
105
42
61
66
84
67
98
73
87
79
87
88
85
68
60
79
86
61
68
35
28
26
78
11
32
3
7
51
57
0
20
25
21
50
65
61
64
81
73
62
0
0
0
0
0
0
0
0
0
0
0
0
0
0
0
0
0
0
0
0
0
0
0
0
0
0
0
0
0
0
0
0
0
0
0
0
127
127
127
127
127
127
127
127
127
127
127
127
127
127
127
127
127
127
127
127
127
127
127
127
127
127
127
127
127
127
127
127
127
127
127
127
0
4
12
0
0
0
0
0
0
0
0
0
0
0
0
0
0
41
0
23
13
26
0
52
0
15
0
0
0
0
0
0
0
0
0
0
0
0
0
0
0
0
0
0
0
0
0
0
0
0
0
0
0
0
0
0
0
0
0
0
0
0
0
0
0
0
0
0
0
0
0
0
0
0
0
0
0
0
0
0
0
0
0
0
0
0
0
0
0
0
0
0
0
0
0
0
0
0
0
0
0
0
0
0
0
0
0
0
0
0
0
32
0
0
0
0
8
44
49
0
0
0
0
31
30
37
0
0
0
0
0
30
0
0
39
8
0
0
0
0
0
0
0
0
0
0
0
0
0
0
0
0
0
0
0
0
0
0
0
0
0
0
0
0
0
0
0
0
0
0
0
0
0
0
0
0
0
0
0
0
13
30
24
2
8
0
41
7
0
0
0
0
22
0
30
76
65
54
0
127
78
127
28
86
0
68
29
21
50
39
18
23
55
6
1
31
0
0
0
0
0
0
0
0
0
0
0
0
0
0
0
0
0
0
0
0
0
0
0
0
0
0
0
0
0
0
0
0
0
0
0
0
0
0
0
0
0
0
0
0
0
0
0
0
0
0
0
0
0
0
0
0
0
0
0
0
0
0
0
0
0
0
0
0
0
0
0
0
127
127
127
127
127
127
127
127
127
127
127
127
127
127
127
127
127
127
127
127
124
59
86
127
127
127
127
127
127
127
127
127
127
127
127
127
