0.90738
0.14116
-1.40919
0.97541
-0.71679
-1.40749
1.72694
0.73916
-1.25595
0.91855
0.49204
0.63033
0.34601
0.00685
-0.89040
-0.57230
-0.22712
-1.01586
-0.50103
-0.44161
0.08503
-1.03551
-0.06173
-0.08318
-0.43792
-0.89075
0.38669
-0.68580
-0.03923
-0.94047
0.13701
0.15934
-0.01749
-0.11633
0.68695
1.00507
0.40358
0.46132
-0.27200
-0.22323
-1.02006
-1.31786
0.07856
-0.33876
-0.25881
-0.50670
0.05830
-0.42332
0.32402
0.08386
0.04504
0.29176
0.18325
0.01056
-0.21132
0.08711
-0.65621
-0.39572
-0.93005
0.02073
0.40057
0.34814
0.21199
0.91903
-0.11309
-0.97828
0.03064
0.19995
-0.01691
0.32326
0.22723
0.96308
0.30506
-1.21700
-0.93165
-0.19327
-0.19603
-0.40190
-0.97802
0.54928
0.33303
-0.76022
-0.23410
-0.07986
0.10332
-0.14730
-0.49100
-0.49709
-0.45218
-0.47551
-0.45410
-0.04510
-0.07323
0.47702
-0.18186
-0.25315
-0.52210
-0.79365
-1.22544
0.23728
1.34559
-0.34448
-0.68514
0.28186
0.94789
-0.07860
-0.20905
1.33457
1.55624
0.28815
0.70576
-0.66556
-1.32923
-1.30915
-0.20289
-0.57938
-1.23244
-0.52020
-0.54127
-0.97327
0.30411
0.69167
-1.52630
0.18300
0.85957
0.54827
-0.73768
0.29506
0.44929
0.26669
0.14302
0.70510
0.05721
0.36402
0.44095
0.73404
-0.24938
-1.70891
-0.95904
-2.21051
-1.49287
-0.71468
-0.89320
-0.70760
-0.39813
0.58539
1.70983
-0.01451
0.14344
0.73031
0.05397
-0.36441
0.35058
0.09135
0.10063
0.21543
-0.49019
-0.60042
-0.27136
-0.30963
-0.68037
-0.84664
0.93010
0.49876
0.78957
0.95918
-0.65531
0.24620
-0.76105
-0.69042
-0.20142
-0.09772
0.72103
-3.37842
-0.28213
0.34224
-0.75971
-0.48630
0.96303
-0.34094
-0.44994
-1.37885
-0.67205
-1.40545
-0.81106
0.02527
-0.54337
0.34740
-0.10129
-0.34343
-0.32969
0.78511
-0.58396
-0.63938
-0.50837
0.06829
-0.70140
1.11280
0.50667
0.41275
-0.80655
0.02697
1.01067
0.85982
-0.12390
-0.03538
-0.02928
0.03819
0.12284
1.37228
0.80690
0.04379
0.76132
1.06869
0.65160
-0.49543
-0.41940
-1.39105
-0.19362
0.73643
-0.24847
-0.59322
0.63107
0.67917
0.35930
-0.05097
0.57855
-0.08501
0.00150
0.39279
0.57680
-0.52546
-0.38516
0.75068
-1.13559
-0.62840
-0.48586
-0.53553
-1.12930
-0.85219
-1.04350
-1.26742
-1.38189
-1.68952
-0.67648
0.79112
-1.54924
-0.87648
0.67811
-0.69588
-1.75142
-0.37608
0.58087
0.43864
-0.19799
0.22810
0.14327
0.42535
-0.29200
1.25769
0.88887
-0.17501
-0.48343
-0.10596
-0.56895
-0.44085
0.37646
-0.65501
-0.10044
1.42117
-0.19593
0.45201
0.41508
-0.36441
0.28578
-0.11696
0.67695
-0.13110
0.20887
-0.34099
-1.11438
0.36824
-0.04056
-0.84060
0.91132
-0.55489
0.38278
0.92871
1.40631
0.76021
-0.02680
2.31932
1.13201
0.00998
0.80342
1.42495
0.75405
1.43475
1.11726
-0.31133
0.06736
0.41649
-0.37247
-0.78596
-1.11901
-0.98078
-0.93452
-0.05156
-0.05989
-0.17037
0.13646
-0.16805
0.53234
0.16995
-0.44338
0.81406
0.88656
0.12499
-0.00997
0.09951
-0.77554
-0.59146
-0.17767
-0.81064
0.16723
-0.52622
-0.24898
-0.15942
-0.47484
-0.33587
-0.26332
-0.16451
-0.22407
0.39274
0.70239
0.07844
-0.20521
0.40289
-0.40744
-0.23629
0.85143
-0.19575
-2.11805
-3.61401
-1.15315
-0.68978
-1.82369
-0.23593
0.42931
0.08206
0.89420
-0.73223
-0.24637
0.34720
-0.17187
0.30839
0.26161
0.03228
-0.41780
0.00266
-0.02279
-1.46550
-0.39227
-0.39566
-0.83718
-0.99941
0.90131
-1.03683
-1.12609
1.50217
-0.14850
-1.04871
0.69868
-1.25225
-0.95100
0.25685
-1.96583
-0.32727
-0.28949
-0.37936
-0.02519
-0.65948
-0.12382
-0.15532
0.32081
-0.01538
-0.03970
0.73423
1.25075
0.49072
-0.72949
0.78485
1.61134
-0.62714
-0.17011
1.90950
-0.51817
-0.57060
0.04190
-0.05429
-0.36164
-0.14175
0.69023
0.09783
0.20914
0.09802
-0.31332
-0.13572
0.37887
-0.59371
0.83043
0.86358
-0.34865
0.14462
-0.72889
-0.90112
0.14869
-0.84064
-0.84349
-0.02680
-0.70236
-0.49438
0.58743
-0.27709
0.44504
1.52608
-0.04777
0.33319
1.14170
0.64323
0.80376
0.44156
0.67047
0.56622
-0.16451
-0.89974
0.46310
0.64047
-0.54661
0.52468
0.17271
-0.76269
0.38364
-0.45927
-0.31577
-0.52591
0.88771
-0.09082
1.19487
0.80753
0.17148
0.00850
-0.14866
-0.32102
-0.28246
-0.55514
-0.40263
0.12217
0.61135
0.90507
0.84913
1.73346
-0.06800
0.85933
-0.24119
-0.87694
-0.27713
-2.05798
0.95347
0.15311
1.01835
0.20220
0.51802
1.14089
0.00093
0.83517
1.01217
-0.34494
-1.87772
-0.22905
-0.74581
-0.94805
-0.37026
-1.01732
-2.66775
-1.95903
0.81359
0.84111
-0.46409
0.04909
0.70139
-0.19628
0.72646
-0.37613
-1.17455
-0.32376
0.86281
0.24215
0.23580
0.09358
-0.14012
0.64802
1.10962
-0.83105
0.77494
0.36493
-0.30159
0.44004
-0.05261
-0.13366
1.81952
-0.35022
-0.89869
-1.14995
-0.07458
-0.88146
-1.59781
0.00158
-0.23187
-0.21636
0.28614
-0.51424
1.11159
0.91921
-0.16141
0.34404
0.49004
0.66445
0.87021
0.94508
0.54068
0.72731
-0.85068
-0.34291
-1.14599
-0.87309
0.62448
-0.18558
-1.02773
-0.57766
-0.02280
0.64134
-1.03042
0.24565
0.85519
0.45345
0.03990
1.37585
1.21358
0.89050
1.16241
1.42032
0.60255
0.24469
0.50315
0.48443
0.24332
0.60640
-0.02714
-0.62973
-1.48796
0.19584
-0.47502
-0.06651
-0.00472
-1.95596
-0.85238
0.51983
0.14307
0.87664
0.77676
0.82702
0.93916
0.67571
0.98775
1.04184
0.32465
-0.42325
-0.47663
0.55647
-0.75050
-1.59022
-0.36159
-0.00363
-0.66897
-1.89502
-0.81195
-0.59462
-0.39365
-0.22498
-0.49083
1.09241
0.72745
-0.08941
0.20027
0.03321
-0.84471
-0.90994
-0.20448
-0.66872
-1.45386
-0.73925
-0.61774
0.29681
-0.12242
-0.22310
0.27405
-0.28042
-0.42062
0.02881
-0.30032
-0.38255
-0.09169
0.23089
0.58930
-0.20701
-0.15170
0.20744
0.63445
0.37376
0.56121
0.70900
0.08124
0.34901
-0.14855
-0.35855
-0.09119
-0.31401
-0.95365
-0.45018
-0.61756
-1.25683
-0.34012
-0.63434
-1.13097
-0.37907
0.22356
-0.39535
0.07281
0.48895
0.74100
-0.19244
-0.31279
0.59656
-0.31677
-0.53077
-0.15582
0.09603
0.23357
0.46572
-0.22820
0.23622
0.50842
0.40014
-0.53255
-0.41123
-0.12421
1.86954
-0.19872
-1.03821
1.14643
-0.29975
-0.68608
-0.38271
-1.01768
-0.07006
-0.75760
0.03179
0.11940
-0.43842
-0.32484
-0.86658
-0.42837
-0.21333
-0.24678
-0.13386
0.45099
0.44084
-0.19786
0.35972
2.03129
-0.08456
0.22603
0.57516
0.05476
-0.40414
-0.04347
1.20321
-0.70597
-0.00988
0.87290
-0.76643
1.35340
2.49104
1.56849
0.86652
-0.10115
-0.32306
-0.07975
-0.99301
-0.50927
0.31819
0.22109
-0.02748
0.08376
0.62640
0.21641
-0.02128
-0.50837
-0.40527
-0.61910
1.07450
0.01670
0.05101
1.34625
0.23614
-0.11063
1.75076
-0.27908
-0.87744
0.03163
-1.16832
-0.89650
0.05793
-0.75056
-2.12229
0.31154
-0.42951
-0.90660
1.56173
1.44703
1.22939
-0.59142
-0.31398
0.11701
-1.44758
-0.85273
0.03048
0.68990
-0.52676
-0.42871
-0.12835
0.50851
1.35916
-0.40427
0.34664
0.67562
-0.29841
-0.11542
-0.60171
-0.19571
-0.73501
-0.32926
0.39276
0.29771
0.01107
-0.15460
-0.61643
-1.16104
-0.31565
-0.03057
0.02895
0.31864
1.08710
0.98334
0.31064
-0.16402
-0.09434
-0.18431
0.32875
0.20695
-0.54517
0.71021
0.58204
-1.08918
-1.17589
-0.91056
-1.61538
-2.61632
-0.45173
0.34033
0.15989
-0.10952
-0.91718
-0.56625
-0.00132
0.04275
0.11091
0.83533
0.24486
0.89355
1.07276
-0.10398
-0.80734
-0.02687
-0.45639
-0.42698
-0.08014
0.19706
0.06452
-0.84770
0.62863
-0.75272
-0.71706
-0.00426
-1.14594
-0.83488
-0.09483
-1.29992
-0.31664
0.77566
0.28177
-0.00753
0.17750
0.02625
-0.28089
-0.45928
-0.20638
-0.29171
0.20502
0.40858
0.18788
-0.56766
0.45086
0.18173
-0.54947
-0.53293
1.07433
0.69945
-0.02138
0.10292
-0.56860
-0.54725
-0.30492
0.35741
-0.21006
0.12005
-0.23099
-0.76927
-0.65265
0.01060
-0.53923
-0.23771
-0.75024
-0.45912
0.50870
-0.52605
0.33953
0.61167
0.05994
0.69213
0.29245
-0.28100
0.01627
-0.05962
-0.87573
-0.58324
0.04844
0.14975
-0.18062
1.25235
-0.07714
-0.69332
0.28598
0.35261
-0.14780
-0.47739
-0.11878
-0.39092
0.18929
0.26648
0.59693
-0.03990
0.65684
0.66180
0.21533
-0.30576
-0.78233
-0.50996
-0.96129
-0.44188
0.44109
-0.31217
1.12580
-0.40651
-0.16329
0.47130
0.51915
-1.86817
-0.60471
-1.24752
0.59658
1.15482
-0.57018
-0.29941
-0.35539
-0.82700
-0.87144
-0.37356
-0.32969
0.83070
-1.28947
-1.56650
-1.24984
-1.17665
-0.67876
0.59885
0.46083
2.49892
0.08271
0.27727
0.73884
-0.75803
-0.42231
0.21957
0.30936
0.47282
1.01557
0.10156
-0.34157
-0.24094
-0.39573
0.14009
-0.47989
-0.25094
-0.06903
-0.61445
-1.25342
-0.29406
0.53650
-0.50496
1.24111
1.03101
0.68227
1.20933
0.12936
0.10139
0.55811
0.43925
-0.80204
-0.93832
-0.60232
-0.41370
0.76340
0.36242
0.33898
0.57464
0.69957
0.15691
0.38738
0.18302
-0.96199
0.03826
0.22526
-0.38449
-0.70284
0.05675
-0.20475
-0.06328
0.28298
-0.55529
0.57712
1.16774
-0.74388
0.77155
1.45396
-0.66412
-0.18097
0.52725
-1.35355
-0.44971
0.43903
0.19218
0.71610
0.90289
0.50290
-0.01392
0.23159
0.21700
-0.09049
0.14454
1.33724
2.04097
1.05712
1.22006
0.69273
1.38148
1.03144
1.15127
1.62564
-0.14222
-0.70555
-0.36323
-0.31918
-1.18391
-0.06814
0.08147
-0.69910
-0.68003
0.77734
0.47476
-0.75658
-0.46705
-0.13857
-0.44603
-0.05972
0.19627
0.57671
0.31143
0.71510
1.26939
0.20840
1.09228
0.90705
0.10913
0.69815
0.03075
-1.90080
-1.82853
-0.56254
0.47420
-0.15008
-0.29122
1.51873
1.45734
0.81762
-0.75938
0.14377
1.26224
-0.08996
1.07993
0.11281
0.40367
0.82755
-0.08049
0.67693
0.13598
-0.89330
-0.18825
0.37082
0.36961
-0.35263
0.25300
-0.01315
0.07453
-0.14280
-0.52952
-0.14196
-0.46695
-1.10513
-0.59107
-0.56701
-0.04471
0.83333
0.91569
0.80667
0.16442
-0.23841
-0.25931
0.00238
-0.64793
-0.93511
0.79776
1.25235
0.59121
1.45334
2.27293
1.13019
-0.64381
0.01406
0.23787
0.93779
0.42326
-0.74586
0.25406
-0.21596
-0.93780
-0.57532
-0.40600
-0.43681
-0.28500
-0.06561
-0.08647
-0.26165
-0.71628
0.14421
0.96360
-1.04775
-0.31694
-0.97167
-0.77412
0.63917
-0.75674
-0.43299
1.04188
-0.86460
-0.01581
-0.14134
0.13068
0.82549
0.62534
-1.75894
-1.92568
0.03280
0.39211
-0.52392
-1.28053
-1.47545
-0.85472
0.25615
0.20322
0.09110
0.50158
-0.82255
0.23290
0.75837
-0.21032
-0.09673
-0.27819
0.07308
-0.00366
-0.17228
0.21022
0.26962
0.25199
-0.56902
0.35973
0.38646
0.01190
0.27020
-0.03854
0.24648
0.84638
-1.12762
-0.31093
-0.03433
0.28957
-0.94373
-0.40148
-0.45167
-1.23009
-0.24542
-0.10410
0.96315
-0.66304
-1.46521
-0.33722
-0.69144
-0.95845
-0.13707
0.41614
1.33310
0.76210
-0.36780
-1.16704
0.32610
-0.90534
-1.39968
-0.01110
0.25704
0.33385
-0.65204
-0.86670
-0.88662
0.83145
0.41574
-0.17363
1.25724
1.34083
0.61714
1.05338
1.30059
-0.34066
-0.25076
0.65660
0.16464
0.22462
-0.67832
-0.14893
-0.81681
-0.55161
0.28961
-0.59463
-0.48972
0.81248
0.18998
-0.65293
0.21274
-0.56008
-0.61035
-0.29330
0.15677
-0.24170
-0.52531
0.23154
0.30665
0.34405
0.34104
0.29409
0.45614
0.33666
-0.22399
-0.26519
-0.37252
-0.61956
0.02346
-1.07704
-1.38845
0.17591
-0.95730
-0.73813
-0.40253
0.67156
-0.02423
0.96508
-0.27548
0.42859
-0.67345
-0.31484
-0.38566
-1.32707
-0.56929
0.91498
-1.21908
0.32294
0.50355
-0.04253
0.24148
0.51416
0.64323
-0.36650
0.14542
0.45527
1.34206
-0.51591
-1.19273
0.16447
-0.92266
-0.94115
-0.45428
-0.87698
0.26326
-0.32159
0.05231
-0.77085
-0.26123
-0.52022
-0.24485
-0.96069
1.01678
1.14637
0.02893
0.48375
0.41411
-0.78208
0.35866
0.56012
0.13887
0.42876
0.25918
0.11290
-0.65185
-0.30475
1.00083
-0.69302
0.06364
-0.31019
-0.32831
0.78139
-0.18996
-0.20337
0.44683
-1.94011
-0.98152
0.47591
0.06133
0.12793
0.54771
0.03099
-0.04483
0.06513
-0.22894
0.13131
0.03825
-0.10417
0.20296
-0.70153
1.20058
0.54468
0.34442
0.42610
-0.71844
-0.99826
1.13856
0.11166
-0.01938
-0.98188
-0.90342
-0.18001
-0.75543
-0.60819
-1.19402
1.14959
0.55523
-0.85954
-1.00387
-0.59487
0.04767
0.38816
0.40531
0.15653
0.34250
0.32155
-0.63459
-0.31653
0.84222
0.24535
-1.59589
0.27108
-0.01747
-1.36700
0.16268
0.66365
0.30084
0.05626
0.05614
-0.96028
0.37484
-0.53710
-0.48687
0.17918
-0.75757
-0.19298
-0.01013
0.07520
-0.18168
0.08890
-0.46346
-0.05261
-0.41172
-0.66084
0.62141
0.24774
0.91723
0.77931
-0.13924
-0.35992
0.97263
-0.68290
-1.15372
0.12343
-0.21978
-0.47720
0.60538
0.32680
-1.10570
0.08426
0.31843
0.35848
-0.92825
-0.94684
-1.33645
-0.45539
-1.53555
-0.51061
-1.35432
-0.73894
-0.41890
1.30814
0.35131
-0.73677
0.12727
0.18143
0.53586
-0.02005
-0.86699
-0.13376
0.78115
-0.54950
-1.92502
0.41375
-0.41447
-0.24266
-0.27749
-0.29384
-0.08888
0.13901
-0.33716
-0.56379
-0.09375
0.90263
-0.35811
1.19056
0.22583
-0.37116
1.36598
0.21531
0.10357
0.69600
0.18978
0.82534
0.15323
-0.02522
0.86812
-0.94969
-0.70964
-0.67572
-1.26099
-0.59563
-1.37892
-0.38953
-1.09915
-1.24344
-0.75222
-0.17456
0.33015
-0.45016
-0.05399
-0.16799
-0.56063
-0.68127
-1.11100
-0.80954
-0.34254
-0.42682
-0.17822
-0.19903
-0.62540
0.03741
-0.34440
0.00673
0.99846
-0.89365
-1.24831
-0.18582
-0.76511
-0.46936
0.43813
-1.05142
-0.53517
0.62119
-0.05524
0.35133
-0.42487
0.40331
0.10314
-0.41930
-0.50477
-0.03984
0.08744
0.12350
0.01731
0.15438
0.07025
0.06232
0.47346
0.74253
0.53561
0.33628
0.81301
1.29106
1.38060
0.60005
0.39982
0.69465
-0.37472
-0.55405
1.39715
1.03844
1.40067
0.92742
-0.47366
0.10590
-0.76323
-0.73927
-1.34209
0.38548
0.20516
-0.48139
1.60693
0.60169
0.04670
1.38632
-0.46620
0.99359
0.28766
-1.10392
-1.31057
-0.26843
-3.13654
-0.23320
-1.10053
-2.11917
-0.80690
0.11351
0.06706
-0.53241
-0.42746
-0.02051
-1.00248
-0.21615
-0.42246
-0.50935
0.27622
0.41660
-0.55381
0.42167
0.25992
0.62085
0.58862
0.99165
1.66812
0.67237
-1.61173
-0.07802
1.96156
-1.29277
-0.28114
0.77404
0.92420
-0.46355
-0.11449
-1.35286
-0.78897
0.32701
-0.29161
-0.15125
-0.14949
0.24246
0.30648
-1.18046
-0.24752
0.63028
-1.07745
-2.08659
0.14422
-0.10525
-0.95174
-0.22055
-0.89384
-0.63109
-0.37728
-1.89460
-1.01740
-0.75859
-0.66049
-0.90695
-1.37040
0.55834
0.71359
-0.06732
-0.02618
2.03820
0.19004
-0.25778
0.12536
1.30964
0.02636
-0.20575
-1.09750
-0.15068
-0.68137
-0.55317
1.69797
0.60580
-0.25286
0.27922
-0.28934
0.16738
0.43631
-0.33060
-0.99853
0.23510
-0.93355
-1.18507
0.13561
1.36325
0.80051
-0.65375
0.44957
0.62917
-0.16910
0.96708
0.17223
1.33437
0.25901
0.72448
-0.50568
0.97003
0.07733
-0.65596
-0.67810
-0.07419
-0.71355
-0.55292
-0.17379
-0.29193
-0.25633
-0.55159
-0.35398
-0.73313
-0.21510
0.49059
1.81863
1.39993
0.24572
1.51667
0.28561
1.56443
0.51104
-0.35839
-0.55102
-0.14742
-0.03268
-0.63492
-0.49732
-1.13630
-0.04892
-0.18287
-1.96382
-0.20978
0.54156
-0.67220
0.71635
0.00554
-0.25947
0.03399
0.00445
-0.82741
0.22861
0.48989
-0.37553
1.16436
-0.20239
-0.49941
0.23476
-0.48345
-1.06881
0.09021
-0.11606
-0.38871
0.38258
0.14574
0.59396
-0.68575
0.44082
1.10984
0.84463
1.17849
0.95545
0.83835
2.15918
1.80481
0.97605
1.83671
0.92658
-0.60546
-1.38180
0.15073
0.34007
-0.57542
-0.82993
-0.59394
1.30494
0.31069
-0.06933
-0.40870
-1.14794
-0.39023
-1.38641
-1.05201
-0.34345
-0.85227
-0.92028
-0.50810
-0.06537
-0.39176
0.29044
0.04448
-0.16201
-0.29363
0.02936
-0.72974
0.42331
0.37055
0.09251
-0.08107
0.01676
-0.72405
-0.06013
0.38624
-0.37588
-0.17964
-0.90901
-1.16867
-0.58260
-0.97877
-1.09292
-0.69733
-0.67584
-0.68407
0.19802
-0.40492
-0.25736
0.40793
-0.66273
-1.13186
-0.47461
0.03881
-0.32870
-0.20133
-0.04834
-0.20913
-0.29886
-0.60975
-0.54392
-0.36399
-0.75892
-0.47329
0.97586
-0.00629
-0.32706
-0.23387
-1.27757
-1.01360
0.32494
-0.85404
0.21252
-0.66598
-0.26808
0.69412
-0.60192
0.43619
0.81890
0.34237
1.00900
0.47232
-0.02449
-0.84367
0.19849
0.64619
0.33019
0.03649
0.52517
0.81879
0.66578
-1.71969
-0.42888
-1.45543
-1.18677
-1.11099
-0.43839
-0.59407
-0.18043
0.87120
0.51338
0.53132
-0.78822
-0.04067
-0.99571
-0.74313
-1.56199
-0.07577
-1.02689
0.39258
-0.31079
-0.23069
-0.63546
-0.75903
-0.30171
-0.41271
-0.45754
0.21989
0.23563
0.56199
1.22061
0.47037
-0.07444
0.14862
1.07728
-0.44868
-0.66820
-0.11650
0.72022
0.45863
0.64583
0.06902
-0.68352
-0.17701
0.50693
0.16861
-0.68370
-0.59843
-1.07940
0.10526
0.22806
0.20796
-0.03496
0.93300
0.43973
1.22787
1.45583
0.68845
-0.41364
0.26326
0.62030
-0.00877
-0.65947
-0.50652
0.22067
-0.01003
-0.63355
-0.35368
0.27385
-0.20627
-0.74763
-0.05466
-0.38002
1.25322
1.42389
0.35945
1.44764
2.76593
1.78254
1.71981
1.83652
2.14387
-0.20686
0.47900
-0.17839
0.20902
0.05499
0.48590
-0.21986
0.39236
-0.04756
-0.80372
-0.05611
0.51736
0.13753
0.45903
-0.46772
0.83320
0.10986
0.08737
-0.51722
0.15985
-0.42373
-0.46442
1.03417
0.24773
0.53936
-0.09357
-0.82476
-0.11748
-1.29085
-1.15068
-0.94959
-1.00289
-1.66693
-0.38628
-0.84988
-0.97482
-0.41119
-0.08472
-0.37739
-0.10229
-0.22367
-0.36649
-0.02613
0.09036
-0.13911
-1.25819
-0.61576
-0.08079
-0.02448
0.23556
0.21838
0.45363
0.13983
-0.65103
-0.00954
0.19756
0.18474
0.23417
-0.10490
0.04600
0.01597
-0.42305
-0.37076
0.16467
-0.16015
-0.69623
-0.43642
0.42402
0.08500
1.32224
0.74672
-0.18550
-0.75988
-0.91034
-2.00763
0.22769
0.34189
-1.21769
0.76307
1.35766
0.38188
0.61899
-0.54240
-1.01136
-1.53878
-2.28385
-1.57659
-1.57479
-1.09408
-0.80098
-0.77162
-1.63887
-0.63660
-0.63802
-0.64959
-0.34712
0.59313
-0.25140
-0.25786
-0.25360
-0.29990
0.20499
-0.33360
-0.71681
-0.90623
-0.45678
-0.72307
0.20828
0.27294
0.01117
0.31083
-0.07871
0.75469
0.38581
0.82489
-0.59277
-0.83476
-0.90850
-0.49083
0.13476
0.30459
0.09884
0.09233
-0.31678
0.47698
0.03786
1.19622
1.26591
0.60810
0.90362
0.80395
1.21358
1.65300
1.66424
0.04068
-0.58820
-0.82076
-0.74512
0.06979
-0.26204
-0.64315
0.26477
0.47356
-0.12109
0.99355
0.27350
0.57405
0.57814
0.67659
0.94406
0.76877
2.09522
0.82074
0.86467
0.79479
0.72693
-0.52751
-0.44064
-0.38335
-0.27031
0.08805
0.29702
-0.63806
-0.02920
0.22504
0.28649
-0.43512
0.17213
-1.11307
-0.32610
-0.13708
0.39539
0.99934
0.38380
1.76904
1.17335
1.42557
0.02551
0.86302
0.85973
1.79747
-0.74272
-0.52887
0.17639
-0.87363
-0.37184
-0.26419
-1.28507
1.03137
-0.59474
0.34104
0.35809
-0.41573
0.21789
0.50885
-0.16341
0.05844
0.27569
-0.93476
-0.04095
-0.44394
-0.02245
0.17889
-0.16368
0.13773
0.00952
-0.21240
-1.38047
-0.49412
-0.01579
-0.71234
-0.74804
-0.31526
-0.70595
0.46199
0.50542
1.39001
0.25812
1.10162
0.81451
1.23516
1.52076
-0.40480
0.31462
-0.83725
-0.92825
-1.41031
-0.10360
-0.83986
-1.26083
-0.33829
-1.50017
-0.72811
-0.19852
-0.42218
-0.45965
0.40623
-1.30114
-3.62878
-1.51262
-0.65314
-3.86104
-2.18801
-0.12578
-0.23962
-0.26243
0.42817
0.21447
0.53825
0.08469
0.11933
-0.01773
0.47145
-0.00481
-1.51569
-0.00599
-0.80304
-1.74169
-0.20783
-0.87343
-0.57476
0.87189
-0.50136
-0.49022
0.93599
-0.75726
-1.61375
0.66714
-0.70823
-1.82518
-0.15117
0.71194
0.21409
0.18911
0.88183
0.00906
0.47151
0.59805
0.45003
0.13515
-0.94378
-0.41377
0.63467
-0.47444
-0.85438
0.42365
0.05859
-0.59521
0.02251
-0.26312
0.18845
0.15286
-0.19577
0.06645
-0.08730
-0.16154
-0.02608
-0.59194
0.65320
1.25303
1.02364
2.31579
1.90069
1.40214
1.51916
0.58003
-0.70387
-0.91684
0.25776
-1.44639
-0.82362
-0.65371
-1.28553
-1.06166
-0.45990
0.95941
-0.19029
-0.20260
0.61923
-2.44707
-2.05048
-0.40245
-1.06712
-1.10084
-0.15676
-0.66381
0.49478
0.06358
-0.55317
0.39406
0.22072
0.08598
0.25541
0.23278
-1.50369
-0.89087
-0.63785
0.31502
-0.09498
-0.16544
1.14741
0.55798
0.33123
-0.46396
0.36347
0.06903
-0.72059
-1.35839
-0.16200
-0.40867
-1.70544
0.53915
1.33015
0.32867
1.02166
1.55036
0.44973
0.44567
0.81461
0.10941
-1.44659
-0.84360
-1.21737
-0.55687
-0.98357
-1.74905
-0.13900
1.21065
-0.49477
0.02677
1.71687
0.47449
-0.91803
-1.73741
-2.57275
-0.85516
-0.72558
-0.60631
0.00144
0.78049
0.66743
0.56427
0.75281
0.56183
0.96927
0.63018
0.33631
0.20163
-0.54305
0.04534
0.42178
0.00856
0.14051
-0.16188
-0.48738
0.14534
-0.45786
-1.11893
0.58238
-0.47868
-0.42436
-0.04055
-0.45070
-0.08153
-0.02948
0.70873
1.31535
0.21492
0.25532
1.04010
0.52588
-1.48399
0.05723
1.09189
0.67431
0.38019
0.04671
0.07413
0.70530
0.62802
0.39470
-0.25779
-0.76226
-0.49658
-0.31509
-0.58418
0.13890
0.16857
-0.72277
0.48578
1.15290
0.89280
0.03326
0.05856
1.53966
0.20411
0.55131
0.74068
0.72968
0.22676
0.43537
0.29208
0.00358
-0.08456
0.17613
-0.47420
-0.76761
-0.27678
-0.43606
-0.78282
0.25574
0.15882
1.04072
0.39389
0.59885
0.56358
-0.93291
0.87935
0.67997
0.43814
1.24005
1.41752
0.48696
1.73568
1.32184
0.47398
0.63514
1.11581
1.41955
0.19871
-1.85576
0.74253
-0.79761
0.51430
0.40184
-1.49986
0.57038
