-0.27283
-0.16267
-0.81696
-1.02469
-0.11722
-0.23092
-0.32193
-0.05693
-0.27883
-0.34724
0.28994
-0.43142
1.72576
0.79779
-0.55291
0.14050
-1.01914
-0.17648
0.60054
0.34424
-0.49076
1.05579
1.24627
0.08823
1.05950
1.34647
0.10257
0.26197
0.67016
0.85462
-0.11899
0.13088
-0.07680
-0.13491
-1.05566
-0.84927
0.45361
0.28206
0.46050
0.16995
-0.07805
0.24522
0.05913
0.01308
0.10470
-0.58692
0.62573
0.87702
0.42500
0.53313
-0.63846
0.07656
0.13511
-0.11599
0.24397
-0.05021
-0.15191
-0.84735
-0.81618
-0.10612
-0.72011
-0.91837
0.06406
-0.73870
-1.07597
-1.07583
-0.56236
-0.98999
-0.37749
-0.30885
-0.41111
-0.47003
0.22606
0.20616
0.65732
-0.17553
0.35546
0.34456
-0.41767
0.26624
0.21832
1.29989
-0.61125
-0.72796
-0.30232
1.96826
-0.20159
-1.01961
0.01483
0.14882
0.49519
-0.14929
0.02606
-0.79590
-0.54657
0.44614
0.15599
0.55178
-0.20869
-1.06639
0.87560
0.29481
0.45924
0.23897
-0.59761
0.94660
-0.88635
0.13936
-0.74870
0.37585
0.68775
-0.00927
-1.23758
0.57203
1.31821
0.32290
-1.14469
0.10340
-0.53695
0.46313
0.00230
-1.01682
0.91996
0.09009
-0.63250
0.62766
0.18614
0.45730
0.37804
-0.58495
-0.99701
-0.71993
0.48120
0.56681
0.24125
-0.84616
-0.41470
1.19312
-1.14367
-0.10723
0.77108
-0.73181
0.01118
0.91616
1.03003
1.07513
0.11492
0.18095
1.10865
1.21768
0.86169
0.61782
0.23602
-0.26105
0.55930
-0.67451
1.53243
0.65184
-0.43904
-1.02117
-1.76584
-1.01784
-1.06434
-0.76430
-0.62211
-0.72621
-0.85627
-0.23668
-0.54665
-0.57341
-0.23048
0.68434
0.81310
0.95251
-0.14440
0.01452
-0.08584
-0.25854
-0.81319
-0.73290
0.95976
0.36084
0.61420
0.11412
-0.04424
0.38302
0.10529
0.03205
0.18455
-0.11012
0.57377
0.97534
0.77154
0.36073
-0.32619
0.45071
0.33477
0.35825
-0.03795
-0.18114
0.05746
-0.37953
-0.08945
0.16300
-0.55636
-0.58776
0.08989
0.48105
-0.30822
-0.78932
0.70300
0.44521
0.81843
0.30515
0.03031
0.07477
-0.32782
-0.16857
0.05242
0.06073
0.31994
0.45774
-0.13215
0.69886
0.48987
1.22503
-0.85516
-0.58894
-0.14512
1.54605
0.02608
-1.07822
-0.32175
0.01658
0.30674
-0.62524
-0.52823
-1.03112
-0.49858
0.41179
0.23067
1.04101
0.63994
-1.06268
0.76018
0.13905
0.68908
0.22552
-0.83882
0.75845
-1.22528
-0.04673
-1.32642
0.48145
0.64826
-0.38157
-1.20376
0.88219
1.26820
0.27199
-1.19854
0.23833
-0.35859
0.16995
0.55438
-0.91759
0.56151
0.54215
-0.67734
-0.09836
0.06560
0.91620
0.50026
-0.79663
-1.19513
-0.62055
0.49538
0.38955
0.24180
-0.56042
-0.00045
0.81683
-0.92156
-0.24113
0.68314
-0.28758
0.04622
0.29545
-0.18452
-0.34955
-0.37266
-1.04197
-0.80542
-0.31591
0.34315
-0.45843
-0.30997
-0.40295
-0.00857
-0.39811
1.38472
0.79211
-0.31965
-0.33359
-0.97153
-0.33920
0.46256
0.29907
0.71636
-0.42097
-0.38780
0.06960
-0.34844
-0.65976
-0.04105
0.43120
0.82231
0.87266
-0.23363
-0.02209
0.11424
-0.46836
-0.83291
-0.87489
0.52596
0.13280
-0.00461
-0.03796
-0.38026
-0.41201
-0.40548
-0.45678
-0.05400
-1.03932
-0.18607
0.17283
-0.44285
-0.71943
-1.45858
-0.53574
-0.60316
-0.45680
0.39871
-0.67969
-0.18359
0.02416
-1.01504
-0.80215
0.77880
-0.76939
-0.85077
0.41890
0.14970
-0.01190
0.84584
1.10604
1.64723
0.10799
0.21656
0.84508
-0.04024
-0.04567
-0.59730
0.88179
0.67795
-0.05463
0.67937
0.97417
0.04607
1.51565
-0.81349
-0.90292
0.39622
1.66606
-0.21265
-0.90071
-0.16735
0.00530
0.39143
-0.73996
-0.68518
-1.20855
-0.84520
0.58536
0.35120
1.04342
1.02856
-1.54537
1.12697
0.56704
0.15436
0.75190
-0.61346
0.52004
-0.76065
0.56184
-0.56895
0.37440
0.58083
0.11137
-1.55623
0.62141
1.14954
0.10923
-0.95548
0.46381
-0.50174
-0.03899
0.58385
-0.67868
0.07779
0.45257
-0.40765
0.01241
0.16434
0.67317
0.60485
-0.61792
-1.02717
-0.53104
0.26880
0.54876
-0.11558
-0.55644
0.16303
0.59049
-0.80991
0.17671
0.18093
-0.46118
0.27962
0.45524
