14
2
-23
15
-12
-23
27
11
-21
14
7
10
5
0
-15
-10
-4
-17
-9
-8
1
-17
-1
-2
-8
-15
6
-11
-1
-16
2
2
-1
-2
10
16
6
7
-5
-4
-17
-22
1
-6
-5
-9
0
-7
5
1
0
4
2
0
-4
1
-11
-7
-15
0
6
5
3
14
-2
-16
0
3
-1
5
3
15
4
-20
-15
-4
-4
-7
-16
8
5
-13
-4
-2
1
-3
-8
-8
-8
-8
-8
-1
-2
7
-3
-5
-9
-13
-20
3
21
-6
-11
4
15
-2
-4
21
24
4
11
-11
-22
-21
-4
-10
-20
-9
-9
-16
4
11
-25
2
13
8
-12
4
7
4
2
11
0
5
7
11
-4
-28
-16
-36
-24
-12
-15
-12
-7
9
27
-1
2
11
0
-6
5
1
1
3
-8
-10
-5
-5
-11
-14
14
7
12
15
-11
3
-13
-12
-4
-2
11
-55
-5
5
-13
-8
15
-6
-8
-23
-11
-23
-13
0
-9
5
-2
-6
-6
12
-10
-11
-9
1
-12
17
8
6
-13
0
16
13
-2
-1
-1
0
1
21
12
0
12
17
10
-8
-7
-23
-4
11
-4
-10
10
10
5
-1
9
-2
0
6
9
-9
-7
12
-19
-11
-8
-9
-19
-14
-17
-21
-23
-28
-11
12
-25
-15
10
-12
-29
-7
9
7
-4
3
2
6
-5
20
14
-3
-8
-2
-10
-8
6
-11
-2
22
-4
7
6
-6
4
-2
10
-3
3
-6
-18
5
-1
-14
14
-9
6
14
22
12
-1
37
18
0
12
22
12
22
17
-5
1
6
-6
-13
-18
-16
-15
-1
-1
-3
2
-3
8
2
-8
13
14
1
-1
1
-13
-10
-3
-13
2
-9
-4
-3
-8
-6
-5
-3
-4
6
11
1
-4
6
-7
-4
13
-4
-34
-58
-19
-12
-30
-4
6
1
14
-12
-4
5
-3
4
4
0
-7
0
-1
-24
-7
-7
-14
-16
14
-17
-19
24
-3
-17
11
-21
-16
4
-32
-6
-5
-7
-1
-11
-2
-3
5
-1
-1
11
20
7
-12
12
25
-11
-3
30
-9
-10
0
-1
-6
-3
11
1
3
1
-6
-3
6
-10
13
13
-6
2
-12
-15
2
-14
-14
-1
-12
-8
9
-5
7
24
-1
5
18
10
12
7
10
9
-3
-15
7
10
-9
8
2
-13
6
-8
-6
-9
14
-2
19
12
2
0
-3
-6
-5
-9
-7
1
9
14
13
27
-2
13
-4
-15
-5
-33
15
2
16
3
8
18
0
13
16
-6
-31
-4
-12
-16
-6
-17
-43
-32
13
13
-8
0
11
-4
11
-7
-19
-6
13
3
3
1
-3
10
17
-14
12
5
-5
7
-1
-3
29
-6
-15
-19
-2
-15
-26
0
-4
-4
4
-9
17
14
-3
5
7
10
13
15
8
11
-14
-6
-19
-14
9
-3
-17
-10
-1
10
-17
3
13
7
0
22
19
14
18
22
9
3
8
7
3
9
-1
-11
-24
3
-8
-2
-1
-32
-14
8
2
14
12
13
15
10
15
16
5
-7
-8
8
-13
-26
-6
-1
-11
-31
-13
-10
-7
-4
-8
17
11
-2
3
0
-14
-15
-4
-11
-24
-12
-10
4
-2
-4
4
-5
-7
0
-5
-7
-2
3
9
-4
-3
3
10
5
8
11
1
5
-3
-6
-2
-6
-16
-8
-10
-21
-6
-11
-19
-7
3
-7
1
7
11
-4
-6
9
-6
-9
-3
1
3
7
-4
3
8
6
-9
-7
-2
29
-4
-17
18
-5
-11
-7
-17
-2
-13
0
1
-8
-6
-14
-7
-4
-4
-3
7
7
-4
5
32
-2
3
9
0
-7
-1
19
-12
-1
13
-13
21
39
25
13
-2
-6
-2
-16
-9
5
3
-1
1
10
3
-1
-9
-7
-10
17
0
0
21
3
-2
28
-5
-15
0
-19
-15
0
-13
-34
4
-7
-15
24
23
19
-10
-6
1
-24
-14
0
11
-9
-7
-3
8
21
-7
5
10
-5
-2
-10
-4
-12
-6
6
4
0
-3
-10
-19
-6
-1
0
5
17
15
4
-3
-2
-3
5
3
-9
11
9
-18
-19
-15
-26
-42
-8
5
2
-2
-15
-10
-1
0
1
13
3
14
17
-2
-13
-1
-8
-7
-2
3
1
-14
10
-13
-12
-1
-19
-14
-2
-21
-6
12
4
-1
2
0
-5
-8
-4
-5
3
6
3
-10
7
2
-9
-9
17
11
-1
1
-10
-9
-5
5
-4
1
-4
-13
-11
0
-9
-4
-13
-8
8
-9
5
9
0
11
4
-5
0
-1
-15
-10
0
2
-3
20
-2
-12
4
5
-3
-8
-2
-7
3
4
9
-1
10
10
3
-5
-13
-9
-16
-8
7
-5
18
-7
-3
7
8
-30
-10
-20
9
18
-10
-5
-6
-14
-14
-6
-6
13
-21
-26
-20
-19
-11
9
7
39
1
4
11
-13
-7
3
4
7
16
1
-6
-4
-7
2
-8
-5
-2
-10
-21
-5
8
-9
19
16
10
19
2
1
8
7
-13
-16
-10
-7
12
5
5
9
11
2
6
2
-16
0
3
-7
-12
0
-4
-2
4
-9
9
18
-12
12
23
-11
-3
8
-22
-8
7
3
11
14
8
-1
3
3
-2
2
21
32
16
19
11
22
16
18
26
-3
-12
-6
-6
-19
-2
1
-12
-11
12
7
-13
-8
-3
-8
-1
3
9
4
11
20
3
17
14
1
11
0
-31
-30
-10
7
-3
-5
24
23
13
-13
2
20
-2
17
1
6
13
-2
10
2
-15
-4
5
5
-6
4
-1
1
-3
-9
-3
-8
-18
-10
-10
-1
13
14
12
2
-4
-5
0
-11
-15
12
20
9
23
36
18
-11
0
3
15
6
-12
4
-4
-16
-10
-7
-7
-5
-2
-2
-5
-12
2
15
-17
-6
-16
-13
10
-13
-7
16
-14
-1
-3
2
13
10
-29
-31
0
6
-9
-21
-24
-14
4
3
1
8
-14
3
12
-4
-2
-5
1
-1
-3
3
4
4
-10
5
6
0
4
-1
3
13
-19
-5
-1
4
-16
-7
-8
-20
-4
-2
15
-11
-24
-6
-12
-16
-3
6
21
12
-6
-19
5
-15
-23
-1
4
5
-11
-14
-15
13
6
-3
20
21
9
16
20
-6
-5
10
2
3
-11
-3
-14
-9
4
-10
-8
12
3
-11
3
-9
-10
-5
2
-4
-9
3
4
5
5
4
7
5
-4
-5
-6
-10
0
-18
-23
2
-16
-12
-7
10
-1
15
-5
6
-11
-6
-7
-22
-10
14
-20
5
8
-1
3
8
10
-6
2
7
21
-9
-20
2
-15
-16
-8
-15
4
-6
0
-13
-5
-9
-4
-16
16
18
0
7
6
-13
5
8
2
6
4
1
-11
-5
16
-12
1
-5
-6
12
-4
-4
7
-32
-16
7
0
2
8
0
-1
1
-4
2
0
-2
3
-12
19
8
5
6
-12
-16
18
1
-1
-16
-15
-3
-13
-10
-20
18
8
-14
-17
-10
0
6
6
2
5
5
-11
-6
13
3
-26
4
-1
-22
2
10
4
0
0
-16
5
-9
-8
2
-13
-4
-1
1
-3
1
-8
-1
-7
-11
9
3
14
12
-3
-6
15
-11
-19
1
-4
-8
9
5
-18
1
5
5
-15
-16
-22
-8
-25
-9
-22
-12
-7
20
5
-12
2
2
8
-1
-14
-3
12
-9
-31
6
-7
-4
-5
-5
-2
2
-6
-10
-2
14
-6
19
3
-6
21
3
1
11
3
13
2
-1
13
-16
-12
-11
-21
-10
-23
-7
-18
-20
-13
-3
5
-8
-1
-3
-9
-11
-18
-13
-6
-7
-3
-4
-11
0
-6
0
15
-15
-20
-3
-13
-8
7
-17
-9
9
-1
5
-7
6
1
-7
-9
-1
1
1
0
2
1
0
7
11
8
5
13
20
22
9
6
11
-6
-9
22
16
22
14
-8
1
-13
-12
-22
6
3
-8
25
9
0
22
-8
15
4
-18
-21
-5
-51
-4
-18
-34
-13
1
1
-9
-7
-1
-17
-4
-7
-9
4
6
-9
6
4
9
9
15
26
10
-26
-2
31
-21
-5
12
14
-8
-2
-22
-13
5
-5
-3
-3
3
4
-19
-4
10
-18
-34
2
-2
-16
-4
-15
-11
-7
-31
-17
-13
-11
-15
-22
8
11
-2
-1
32
3
-5
2
20
0
-4
-18
-3
-11
-9
27
9
-5
4
-5
2
6
-6
-16
3
-15
-19
2
21
12
-11
7
10
-3
15
2
21
4
11
-9
15
1
-11
-11
-2
-12
-9
-3
-5
-5
-9
-6
-12
-4
7
29
22
3
24
4
25
8
-6
-9
-3
-1
-11
-8
-19
-1
-3
-32
-4
8
-11
11
0
-5
0
0
-14
3
7
-7
18
-4
-8
3
-8
-18
1
-2
-7
6
2
9
-11
7
17
13
18
15
13
34
28
15
29
14
-10
-23
2
5
-10
-14
-10
20
4
-2
-7
-19
-7
-23
-17
-6
-14
-15
-9
-2
-7
4
0
-3
-5
0
-12
6
5
1
-2
0
-12
-1
6
-7
-3
-15
-19
-10
-16
-18
-12
-11
-11
3
-7
-5
6
-11
-19
-8
0
-6
-4
-1
-4
-5
-10
-9
-6
-13
-8
15
-1
-6
-4
-21
-17
5
-14
3
-11
-5
11
-10
6
13
5
16
7
-1
-14
3
10
5
0
8
13
10
-28
-7
-24
-19
-18
-8
-10
-3
13
8
8
-13
-1
-16
-12
-25
-2
-17
6
-5
-4
-11
-13
-5
-7
-8
3
3
8
19
7
-2
2
17
-8
-11
-2
11
7
10
1
-11
-3
8
2
-11
-10
-18
1
3
3
-1
14
7
19
23
11
-7
4
9
-1
-11
-9
3
-1
-11
-6
4
-4
-12
-1
-7
20
22
5
23
44
28
27
29
34
-4
7
-3
3
0
7
-4
6
-1
-13
-1
8
2
7
-8
13
1
1
-9
2
-7
-8
16
3
8
-2
-14
-2
-21
-19
-16
-17
-27
-7
-14
-16
-7
-2
-7
-2
-4
-6
-1
1
-3
-21
-10
-2
-1
3
3
7
2
-11
-1
3
2
3
-2
0
0
-7
-6
2
-3
-12
-7
6
1
21
11
-3
-13
-15
-33
3
5
-20
12
21
6
9
-9
-17
-25
-37
-26
-26
-18
-13
-13
-27
-11
-11
-11
-6
9
-5
-5
-5
-5
3
-6
-12
-15
-8
-12
3
4
0
4
-2
12
6
13
-10
-14
-15
-8
2
4
1
1
-6
7
0
19
20
9
14
12
19
26
26
0
-10
-14
-12
1
-5
-11
4
7
-2
15
4
9
9
10
15
12
33
13
13
12
11
-9
-8
-7
-5
1
4
-11
-1
3
4
-7
2
-18
-6
-3
6
15
6
28
18
22
0
13
13
28
-12
-9
2
-14
-6
-5
-21
16
-10
5
5
-7
3
8
-3
0
4
-15
-1
-8
-1
2
-3
2
0
-4
-23
-8
-1
-12
-12
-6
-12
7
8
22
4
17
13
19
24
-7
5
-14
-15
-23
-2
-14
-21
-6
-25
-12
-4
-7
-8
6
-21
-59
-25
-11
-62
-36
-3
-4
-5
6
3
8
1
1
-1
7
-1
-25
-1
-13
-28
-4
-14
-10
13
-9
-8
14
-13
-26
10
-12
-30
-3
11
3
3
14
0
7
9
7
2
-16
-7
10
-8
-14
6
0
-10
0
-5
3
2
-4
1
-2
-3
-1
-10
10
20
16
37
30
22
24
9
-12
-15
4
-24
-14
-11
-21
-17
-8
15
-4
-4
9
-40
-33
-7
-18
-18
-3
-11
7
1
-9
6
3
1
4
3
-25
-15
-11
5
-2
-3
18
8
5
-8
5
1
-12
-22
-3
-7
-28
8
21
5
16
24
7
7
13
1
-24
-14
-20
-9
-16
-28
-3
19
-8
0
27
7
-15
-28
-42
-14
-12
-10
0
12
10
9
12
8
15
10
5
3
-9
0
6
0
2
-3
-8
2
-8
-18
9
-8
-7
-1
-8
-2
-1
11
21
3
4
16
8
-24
0
17
10
6
0
1
11
10
6
-5
-13
-8
-6
-10
2
2
-12
7
18
14
0
0
24
3
8
11
11
3
6
4
0
-2
2
-8
-13
-5
-7
-13
4
2
16
6
9
9
-15
14
10
7
19
22
7
27
21
7
10
17
22
3
-30
11
-13
8
6
-24
9
