-16
0
13
-1
10
-2
-1
4
-10
2
4
-9
-16
8
3
-7
16
-11
-1
-6
32
1
-6
-36
1
-7
-11
-20
-4
-13
-22
3
-12
-12
-11
-13
-5
26
18
-2
-11
-1
-10
-8
-14
-8
-20
-15
-20
-3
-13
-14
0
-7
-2
10
6
8
6
-9
-2
15
-9
28
15
8
-13
23
13
-21
4
19
17
13
2
5
-16
-3
-5
4
2
4
3
16
-17
-5
-6
-5
0
4
9
-17
-3
-8
-9
-5
7
-2
2
17
-9
11
-13
-7
-8
-33
-1
14
11
1
-26
20
-14
-1
0
-20
-4
9
5
26
-13
12
5
-8
-3
6
-19
2
-14
19
12
11
-33
-2
5
13
2
9
3
-5
-9
3
11
5
5
-6
1
6
-8
-13
-13
-10
-9
7
14
-5
7
11
12
10
-18
11
-19
15
-4
21
14
-8
8
19
18
-6
17
1
10
6
2
7
12
-4
0
5
13
1
6
-13
6
8
-5
-2
-20
-11
-6
-8
-24
9
-5
-4
23
13
2
20
15
10
23
-2
10
-18
11
12
-49
7
1
-24
12
-8
0
-15
-1
-12
-20
-11
-4
-32
12
-18
-11
-1
-9
-25
-11
-10
-27
-19
2
13
22
9
9
6
10
2
14
-3
-4
-24
12
-7
-22
3
-3
-3
14
-5
6
1
-13
26
4
-4
9
-2
1
-10
7
-2
-10
14
-9
6
-5
6
-13
-1
2
11
4
4
1
3
4
0
-7
11
-14
5
2
13
8
6
2
-14
8
15
-1
11
7
-2
-10
-11
4
-12
-2
-23
7
-36
2
0
-17
-4
-8
-44
-3
-6
-10
-9
16
4
14
20
-10
18
-2
2
11
4
12
-8
-14
-10
-7
2
14
-9
18
-7
3
-2
-9
-25
-14
-4
-4
12
-15
25
7
-18
4
-3
-9
-11
-12
16
-13
-1
2
-18
-3
-3
19
-1
-33
12
-2
-9
16
-20
-12
-6
-5
3
-15
-2
8
2
3
23
-25
-15
2
-8
-10
17
11
9
0
-11
-13
9
-2
0
10
1
16
-8
5
-24
15
5
-1
-7
-1
7
-27
5
16
18
-18
-16
15
-15
-19
4
-24
0
-23
-4
1
-16
8
-11
-2
2
-15
-5
-12
-17
-4
-8
-2
-1
8
4
5
33
-11
-11
1
-4
-14
0
4
-10
7
-7
0
8
-6
-3
-3
-7
-2
-7
8
-10
1
-1
-18
9
-4
22
15
5
13
5
24
19
-1
5
27
-6
-4
23
9
-14
-2
0
15
5
2
7
0
24
10
-2
-7
10
18
-10
-4
13
-5
7
12
12
-13
-13
22
-23
-10
-6
4
18
-6
28
14
0
10
-15
-41
0
10
-9
2
-5
-25
3
-2
-10
14
10
8
-5
6
22
5
6
10
-3
-15
-3
0
-1
12
-25
11
21
13
21
3
4
1
28
-2
-7
13
10
3
4
-17
-7
8
-22
-10
11
-5
-22
0
-8
1
-13
-15
-7
6
-3
-2
16
-6
-10
-2
-25
-12
4
-12
-6
4
-3
-5
8
-2
-6
-10
-1
6
-1
-35
-9
-6
-5
-13
-24
-7
-26
10
21
33
-1
12
-14
1
15
-20
-3
2
-9
0
-3
13
-1
-9
6
23
18
-3
3
-5
-12
9
15
-8
-3
-5
8
-3
-15
7
-14
-24
-10
2
1
15
-13
-3
7
-21
-18
5
-6
29
19
-17
8
-1
0
9
5
3
8
7
-19
5
15
-17
3
-1
-17
-20
2
3
-1
7
14
7
4
7
13
7
4
23
4
25
5
15
-2
-8
-8
20
6
8
2
-4
4
12
10
3
-12
6
-5
-10
-4
7
-4
-5
4
3
-6
14
1
3
15
-11
-13
9
8
-22
-13
-2
9
0
2
3
23
-18
-7
15
-11
17
-1
22
8
-24
10
-15
5
6
-6
15
38
-1
-4
15
5
-11
4
-1
9
-15
-10
16
-10
-5
-30
-22
-11
8
-18
-2
-12
-16
-5
-17
15
16
6
2
4
-9
-6
8
-11
5
12
-27
2
-6
-8
1
-13
-13
-8
6
-3
3
21
19
6
16
9
-6
-6
35
-4
2
-10
1
2
9
5
-4
-16
-1
-3
-15
-11
5
32
7
7
7
-6
15
18
0
2
17
25
4
10
4
-9
22
-4
10
17
4
13
1
13
22
-3
-13
19
1
-30
2
-21
-13
5
-14
-8
-6
-9
-16
11
-18
-14
-20
11
-10
-26
6
-3
-7
20
-6
10
-30
-1
4
-1
-20
2
9
-6
3
16
-12
-13
12
1
1
11
2
2
-3
-7
-8
-6
-4
-15
-12
2
-9
-4
-2
10
8
-40
-2
-13
-5
0
6
9
5
4
-3
20
-3
-6
12
-9
-16
-7
-21
2
8
5
35
31
36
-30
-11
-17
-3
-10
-6
-37
0
16
-26
5
21
9
3
19
-3
10
9
1
14
0
24
15
-28
-8
12
6
-17
-3
-6
6
14
8
3
-17
-7
17
-17
-12
6
-11
-7
-4
10
1
1
6
13
3
7
14
13
9
15
-19
-16
0
5
5
6
2
6
2
-7
-4
4
-6
2
-6
12
12
18
-10
-6
0
0
-11
-15
10
-14
4
-30
-15
-3
-13
-4
13
11
-9
-32
-3
12
23
-13
-11
-2
0
-8
-4
7
8
-2
4
-2
5
-18
-10
12
-18
18
1
-6
8
1
-7
-18
10
-9
-23
21
-4
10
-35
-10
2
-6
9
8
2
5
-16
0
7
8
-6
8
-5
-11
-6
-13
-5
-7
7
6
-14
-10
-3
-16
6
21
-18
1
-9
-11
-19
10
-12
-2
6
2
-15
-6
6
-25
-2
-27
-10
-2
21
2
11
-10
-10
-14
0
2
9
24
0
-7
9
4
-6
-1
5
-33
2
-11
14
3
1
9
-1
5
3
7
-24
-6
13
5
35
12
17
1
-18
-20
-24
-1
-19
-15
-3
-1
-9
-6
-14
-8
-16
0
-8
12
-2
-15
-5
-9
12
-8
-8
-1
-18
-2
3
-30
12
-3
-13
-15
-8
-4
4
-10
10
17
-13
-5
14
-18
11
18
9
-8
-5
-4
-7
-7
1
-7
1
12
-9
-22
-13
-3
3
-3
-15
9
-19
4
0
-7
-8
-12
1
-2
-11
-26
1
14
2
-14
11
5
-16
11
18
-9
-1
-8
-24
4
-4
-11
3
-14
-6
16
13
-11
11
-10
-8
8
-3
8
8
-3
3
2
-4
20
10
25
-11
3
6
13
20
29
8
-3
3
-10
-14
-35
8
10
8
2
0
-12
16
2
-4
9
13
7
4
14
-8
-9
11
11
6
-5
0
-7
9
7
7
8
14
-8
-8
13
-30
-17
5
-6
-12
-25
-13
-6
-13
-3
-1
-14
-9
-8
13
-13
14
-3
-1
4
2
0
-6
-14
22
-5
-2
11
8
0
16
30
-6
5
18
0
7
4
-1
12
9
18
6
17
25
16
14
30
-2
10
-5
-8
-6
11
25
7
-15
8
-7
12
17
6
-6
8
14
13
6
-3
-1
8
-11
-18
-5
10
8
9
-6
13
-11
-20
7
-5
1
11
11
-13
-1
4
-18
18
20
18
18
12
7
14
8
-3
12
7
8
11
1
0
-6
-1
3
-7
-6
10
17
-8
2
-8
6
9
7
8
7
-22
-22
12
0
-14
-32
3
21
3
-8
21
-9
-9
-20
-6
-11
-1
0
11
6
3
4
-12
2
-5
6
13
-14
-7
-4
-8
-3
-6
1
-6
-3
26
19
22
3
12
4
-10
-3
-8
-20
5
-14
-20
2
6
0
10
-22
10
9
10
-4
-14
18
-4
11
4
-4
-31
-21
11
-17
-35
-25
-34
-27
-18
-8
11
-8
-5
13
1
0
-8
-19
-3
0
-8
-2
-1
3
-27
-7
5
1
-4
-23
17
8
-1
-8
-11
-5
-1
16
4
5
12
21
3
0
0
-4
6
-12
-10
11
-2
-6
7
-2
-6
-8
7
-19
-21
4
8
0
-20
14
1
-10
-5
-13
0
-10
11
0
7
8
-12
3
7
1
3
11
9
5
21
-5
2
9
3
5
-11
-15
23
9
11
1
13
-5
-11
3
4
0
7
-7
-3
5
9
10
-5
-21
-12
6
-8
10
1
-1
-13
-26
3
-16
-15
8
1
13
3
-6
11
17
19
19
4
8
14
24
-14
-7
8
-7
35
-22
-5
-11
-8
1
9
14
-18
16
15
-14
-5
3
5
4
-1
15
7
4
-31
17
15
-14
19
0
8
8
10
-1
-11
-10
15
3
-4
-8
9
-6
-9
4
-17
-5
10
8
0
18
20
-14
-2
-3
-1
-15
13
-22
-10
26
-10
-1
15
-4
14
7
-2
7
0
3
3
-12
22
4
4
4
14
-7
-15
11
-2
-8
17
11
-6
-18
-19
10
-17
-6
22
-4
5
11
32
21
-16
-9
-5
-8
-23
-7
-10
-12
-11
-4
12
9
-8
17
-1
35
1
30
-7
-5
16
-24
-24
-2
16
-7
-20
4
4
5
-1
4
-17
0
-5
12
-14
-22
4
-2
-11
-9
-1
-6
-35
1
13
20
-17
-7
0
11
-6
-4
9
-4
-20
1
4
-1
0
7
21
13
1
-12
16
4
-12
-11
10
-12
0
4
7
-21
-6
-32
-20
-20
3
-17
-14
-5
1
-18
10
-8
1
14
-11
9
13
-36
-14
-7
2
9
12
-2
-4
-5
4
0
1
5
15
-25
8
19
-11
6
18
-5
7
-3
9
-15
-3
22
2
3
17
5
6
4
11
8
-7
3
5
5
-2
10
11
7
6
-7
4
2
16
-1
6
-3
-12
29
-1
1
14
-2
0
18
-7
-2
-6
-22
-10
-1
-16
-5
-15
11
-1
-7
8
3
8
5
27
5
-5
24
16
-3
34
2
-1
8
10
3
11
7
-7
11
-2
-13
1
-4
-12
-3
-1
-12
1
8
-11
-8
7
-52
2
15
-42
-5
9
-14
-16
-3
-10
-2
-9
-13
11
-4
10
19
6
-25
11
4
-1
1
15
-25
17
9
-2
19
38
4
2
4
-4
15
8
9
-1
-1
17
-22
-4
-6
18
10
2
-21
6
11
0
3
-6
-10
-22
-6
5
-16
-15
1
22
25
-14
2
2
17
4
5
-7
0
6
-13
14
13
-18
10
29
-4
7
-2
0
0
7
-9
-19
12
-9
-3
10
-12
-21
22
-1
-9
3
-2
-2
8
-1
4
-3
-8
7
3
3
10
20
10
2
6
11
-10
3
11
5
-9
27
8
5
8
-2
-1
1
-10
-4
9
10
14
-10
5
6
2
6
18
-25
7
-12
2
-8
10
-19
-11
16
-6
-8
4
-5
0
19
11
-9
10
3
-14
-2
-4
-9
6
3
4
16
-4
-5
-7
-4
-11
-22
15
-7
-12
-5
6
-32
8
-5
10
-4
-16
7
-6
3
-21
11
10
-32
8
15
26
-23
1
-1
-3
-1
-6
1
1
-14
-23
-12
8
-15
1
-4
18
9
-4
9
21
24
9
13
10
5
14
27
-18
-4
-2
-8
6
-20
10
-5
6
11
-12
-16
5
12
31
14
1
-37
-16
6
15
-14
-7
-1
14
-11
-14
-11
-34
-30
6
-2
-9
-11
0
10
-4
15
2
-21
2
0
-2
-11
7
-7
4
-11
3
15
0
14
26
-12
5
-1
-1
1
-1
5
-4
1
-5
-17
-15
-44
-13
-20
-6
7
-18
18
0
-6
1
-16
13
-4
7
3
0
5
-10
3
5
0
1
15
0
-3
6
-10
-2
-11
-3
-1
-15
-6
-22
0
-3
14
-21
-12
-41
11
3
-27
4
20
8
12
-3
15
-19
-10
8
-5
-3
13
1
-20
-18
-5
1
-9
10
7
1
13
-9
9
-6
7
-6
7
1
10
23
14
-17
6
4
9
5
7
13
-22
9
4
-21
10
3
-8
0
2
-12
-15
-2
-18
-19
0
-15
-4
10
-32
2
6
-21
5
0
8
-15
6
-6
-5
-1
15
3
-6
-11
-14
-5
-27
-11
-15
-23
17
13
-1
-5
-5
8
-18
18
5
-5
20
-3
-9
13
-3
-10
-6
0
12
38
-8
-12
12
0
-15
-2
-35
-7
0
4
6
0
-7
-9
-6
2
10
-7
