-0.99575
0.05237
0.81584
-0.00718
0.66234
-0.08602
-0.01788
0.26227
-0.58602
0.14778
0.25279
-0.50597
-0.93953
0.54487
0.23063
-0.40123
1.05430
-0.62518
-0.05902
-0.31831
2.01588
0.07113
-0.36729
-2.21412
0.06424
-0.40248
-0.64581
-1.23559
-0.23387
-0.78874
-1.34063
0.24663
-0.73240
-0.72723
-0.63204
-0.76218
-0.29335
1.65685
1.13892
-0.07270
-0.68496
-0.05998
-0.58453
-0.48824
-0.86469
-0.45893
-1.21730
-0.92764
-1.22903
-0.15502
-0.76966
-0.81909
0.03697
-0.41229
-0.12406
0.65448
0.39318
0.51194
0.38135
-0.54034
-0.12430
0.96494
-0.55613
1.81197
0.94243
0.53781
-0.80841
1.44211
0.82368
-1.28464
0.29735
1.20208
1.11878
0.83101
0.15458
0.36676
-0.95546
-0.17257
-0.26182
0.26713
0.18334
0.25321
0.23972
1.02553
-1.01767
-0.27088
-0.36178
-0.30834
0.00081
0.30466
0.61547
-1.01205
-0.14207
-0.43753
-0.56218
-0.31026
0.49587
-0.12040
0.14084
1.06356
-0.51292
0.74449
-0.80435
-0.38612
-0.47103
-2.00930
-0.04551
0.90177
0.73954
0.08577
-1.61208
1.28542
-0.82246
-0.04769
0.03822
-1.20946
-0.19631
0.61529
0.35343
1.67647
-0.77465
0.75572
0.35387
-0.45052
-0.14445
0.43323
-1.13062
0.13587
-0.83986
1.23255
0.80390
0.71169
-2.01156
-0.11802
0.36363
0.83207
0.14163
0.57820
0.20085
-0.25375
-0.54903
0.23892
0.71968
0.32169
0.31357
-0.33280
0.10328
0.39072
-0.49130
-0.77785
-0.75368
-0.60456
-0.51250
0.48794
0.92322
-0.26864
0.44280
0.73969
0.77535
0.64381
-1.08235
0.69136
-1.13878
0.99121
-0.22273
1.36003
0.92007
-0.48085
0.52935
1.21164
1.15180
-0.35089
1.06981
0.08686
0.67217
0.38438
0.17872
0.44705
0.76624
-0.22194
0.02649
0.33257
0.83837
0.08614
0.37958
-0.77085
0.41956
0.53499
-0.27709
-0.10806
-1.21715
-0.66906
-0.34859
-0.48782
-1.45517
0.60211
-0.30404
-0.20272
1.49525
0.81430
0.17511
1.28576
0.95188
0.67746
1.46748
-0.09931
0.67290
-1.07141
0.71248
0.79817
-3.01936
0.45653
0.06971
-1.43783
0.75636
-0.49247
0.03038
-0.92103
-0.00411
-0.71677
-1.20344
-0.65761
-0.21245
-1.99648
0.79790
-1.09358
-0.67716
-0.05757
-0.54780
-1.51011
-0.63153
-0.57981
-1.66490
-1.12877
0.12861
0.84024
1.37519
0.61911
0.59419
0.42626
0.66987
0.12605
0.91444
-0.18095
-0.22184
-1.45043
0.80547
-0.43493
-1.33365
0.22546
-0.12851
-0.15219
0.88470
-0.26150
0.41626
0.10129
-0.75676
1.64515
0.29667
-0.22925
0.59714
-0.06377
0.08320
-0.61318
0.48057
-0.07946
-0.59560
0.88984
-0.51214
0.37541
-0.30461
0.39059
-0.79586
-0.06220
0.17751
0.73879
0.30010
0.25195
0.11524
0.24837
0.26089
0.04702
-0.42966
0.70161
-0.81465
0.31508
0.15882
0.86175
0.52446
0.38787
0.18019
-0.81465
0.51807
0.95289
-0.02531
0.72735
0.49454
-0.06950
-0.60324
-0.67028
0.25018
-0.73346
-0.08304
-1.37789
0.48459
-2.19557
0.14206
0.01215
-1.04349
-0.19759
-0.46271
-2.73914
-0.18102
-0.37186
-0.58252
-0.54622
1.03473
0.25645
0.89746
1.29942
-0.58218
1.14102
-0.07867
0.17323
0.73760
0.27219
0.79814
-0.47372
-0.81887
-0.61994
-0.41307
0.13986
0.89412
-0.51388
1.18549
-0.38697
0.19296
-0.07598
-0.51339
-1.50647
-0.82742
-0.22610
-0.21426
0.80428
-0.92017
1.60575
0.43918
-1.07169
0.29867
-0.12517
-0.53806
-0.66378
-0.70042
1.02255
-0.78344
-0.05301
0.13148
-1.10389
-0.13559
-0.15376
1.21658
-0.05319
-2.02749
0.77915
-0.11946
-0.51444
1.05140
-1.21933
-0.69749
-0.37361
-0.31031
0.21755
-0.91086
-0.09980
0.54304
0.18741
0.23082
1.48100
-1.50974
-0.90779
0.12729
-0.45258
-0.56694
1.08956
0.71084
0.57231
0.06137
-0.67267
-0.80268
0.58042
-0.07685
0.00206
0.67185
0.06340
1.02686
-0.48220
0.33309
-1.47165
0.94250
0.34691
-0.05399
-0.41870
-0.05666
0.47521
-1.65887
0.35291
1.03020
1.12626
-1.07591
-0.99224
0.94050
-0.88589
-1.13123
0.27368
-1.46965
0.03204
-1.43677
-0.20779
0.07996
-0.93850
0.52194
-0.64377
-0.10997
0.15859
-0.90440
-0.29249
-0.72126
-1.04169
-0.19383
-0.49512
-0.08754
-0.00448
0.50243
0.30980
0.34135
2.07454
-0.64055
-0.67195
0.07394
-0.18965
-0.81612
0.06173
0.26291
-0.57669
0.45445
-0.38699
0.05137
0.56195
-0.37394
-0.13332
-0.16638
-0.39730
-0.11193
-0.43480
0.50152
-0.56601
0.10367
-0.04524
-1.10405
0.61676
-0.19831
1.40879
0.96033
0.36449
0.86914
0.33084
1.52178
1.22910
-0.03160
0.32768
1.73919
-0.35430
-0.21342
1.49420
0.57015
-0.81387
-0.09855
0.02875
0.96728
0.32467
0.16437
0.46824
0.02320
1.52346
0.64169
-0.08209
-0.42660
0.66425
1.12750
-0.62370
-0.18880
0.82658
-0.26317
0.48555
0.76153
0.80640
-0.78349
-0.75760
1.39814
-1.38189
-0.59878
-0.37268
0.27988
1.15382
-0.35308
1.75639
0.89825
0.03180
0.65459
-0.91802
-2.53623
0.02621
0.66151
-0.55149
0.13708
-0.27020
-1.50244
0.22724
-0.06661
-0.61467
0.91483
0.68191
0.53078
-0.26848
0.40399
1.39725
0.37243
0.42769
0.65060
-0.15852
-0.88621
-0.17021
0.06074
-0.04480
0.80246
-1.54588
0.72413
1.34067
0.81409
1.34673
0.20123
0.25723
0.11198
1.78656
-0.09338
-0.39361
0.86704
0.67756
0.23942
0.26219
-1.04473
-0.38237
0.52263
-1.34090
-0.60212
0.74217
-0.31188
-1.31716
0.00007
-0.49175
0.10073
-0.80511
-0.93372
-0.38520
0.40276
-0.17910
-0.06444
1.01303
-0.33695
-0.62054
-0.06831
-1.53073
-0.72089
0.27408
-0.71410
-0.32171
0.29978
-0.17137
-0.26138
0.52260
-0.12257
-0.35300
-0.57002
-0.00246
0.37702
-0.05547
-2.14391
-0.55596
-0.32275
-0.25263
-0.78049
-1.49539
-0.39398
-1.58595
0.67384
1.36177
2.07242
-0.04582
0.80237
-0.83658
0.08756
0.99224
-1.23658
-0.17982
0.12772
-0.50428
0.00371
-0.17262
0.82511
-0.02386
-0.56018
0.38028
1.47754
1.13859
-0.13541
0.21700
-0.30849
-0.69109
0.57417
0.96829
-0.49577
-0.17007
-0.26392
0.52201
-0.13222
-0.87917
0.49614
-0.86777
-1.44513
-0.58404
0.14535
0.07266
0.99640
-0.75350
-0.14711
0.47767
-1.26542
-1.06714
0.35360
-0.33435
1.81500
1.20883
-1.03847
0.54938
-0.06241
0.05431
0.61295
0.34341
0.18994
0.53347
0.44553
-1.17958
0.36275
0.95717
-1.04023
0.23402
-0.05015
-1.04779
-1.23365
0.15433
0.19757
-0.04898
0.47008
0.91542
0.45782
0.28326
0.47471
0.86017
0.44046
0.28288
1.49266
0.28987
1.59001
0.32029
0.94683
-0.06406
-0.47316
-0.43845
1.29189
0.39552
0.55777
0.13803
-0.21055
0.27100
0.75103
0.67325
0.23641
-0.71911
0.40516
-0.30260
-0.57520
-0.21935
0.48812
-0.22270
-0.28106
0.29332
0.24210
-0.31522
0.88058
0.08438
0.20699
0.99558
-0.65122
-0.80520
0.61607
0.51444
-1.37049
-0.75783
-0.07377
0.61222
0.02443
0.15485
0.24955
1.48080
-1.07115
-0.41302
0.96482
-0.62566
1.10172
-0.02029
1.42507
0.52565
-1.44363
0.68439
-0.90611
0.32028
0.40364
-0.36469
0.94749
2.39888
-0.01554
-0.24323
0.99820
0.34250
-0.67432
0.30971
-0.02910
0.59723
-0.93341
-0.61994
1.02364
-0.57242
-0.30064
-1.85407
-1.33867
-0.68485
0.51278
-1.08966
-0.09123
-0.72151
-0.93851
-0.29618
-1.04009
0.95483
1.05384
0.42953
0.13097
0.31118
-0.55222
-0.37032
0.53020
-0.62670
0.32444
0.79105
-1.62633
0.17807
-0.35243
-0.44972
0.12299
-0.80578
-0.79261
-0.46703
0.41242
-0.13604
0.24088
1.32753
1.19878
0.38163
1.00386
0.57025
-0.36160
-0.31876
2.22419
-0.19192
0.18634
-0.57044
0.08336
0.18310
0.59650
0.33738
-0.21601
-0.96336
-0.04064
-0.15500
-0.88861
-0.66668
0.32179
2.03347
0.49204
0.49332
0.49930
-0.31523
0.98070
1.13269
0.04443
0.14997
1.09857
1.56505
0.25936
0.68703
0.25400
-0.51202
1.40600
-0.18872
0.63458
1.10860
0.27072
0.86574
0.09259
0.84141
1.43563
-0.12563
-0.75328
1.24077
0.12375
-1.87187
0.13043
-1.26336
-0.79007
0.37413
-0.87328
-0.49989
-0.36133
-0.56039
-0.99573
0.69030
-1.07201
-0.84580
-1.19346
0.69233
-0.59125
-1.60937
0.42018
-0.15762
-0.42503
1.26698
-0.33669
0.66045
-1.81351
-0.05361
0.30426
-0.05042
-1.22225
0.13735
0.58058
-0.31299
0.24195
1.05772
-0.74378
-0.75698
0.79539
0.09253
0.11039
0.72631
0.13462
0.18464
-0.16093
-0.42147
-0.48978
-0.36975
-0.19685
-0.89833
-0.73600
0.18349
-0.50927
-0.19307
-0.11921
0.67861
0.50339
-2.47034
-0.11488
-0.79987
-0.29361
0.05745
0.41841
0.57383
0.34576
0.29234
-0.13720
1.28464
-0.13939
-0.36233
0.75632
-0.53069
-0.95169
-0.38647
-1.28072
0.18338
0.51624
0.33058
2.22192
1.97288
2.28234
-1.83271
-0.63504
-1.00769
-0.13243
-0.56328
-0.32970
-2.28113
0.03078
1.00608
-1.62036
0.34972
1.34679
0.61185
0.23950
1.22626
-0.16508
0.67306
0.61341
0.07913
0.93103
0.00363
1.53926
0.94106
-1.69236
-0.48435
0.78934
0.42094
-1.01475
-0.16265
-0.36587
0.42592
0.87772
0.53054
0.23577
-1.02272
-0.39109
1.09489
-1.02837
-0.71801
0.43583
-0.68290
-0.41818
-0.19206
0.67621
0.10583
0.07451
0.42555
0.82110
0.20633
0.48958
0.91008
0.81813
0.60747
0.96865
-1.13694
-0.96078
0.01449
0.36695
0.32933
0.41546
0.13987
0.42314
0.15231
-0.40387
-0.24920
0.30823
-0.31287
0.14581
-0.34523
0.77639
0.76231
1.17530
-0.57365
-0.34708
0.01193
0.04992
-0.68354
-0.92803
0.62543
-0.83236
0.28182
-1.82187
-0.92095
-0.14196
-0.78701
-0.21369
0.84287
0.73388
-0.52744
-1.97089
-0.17263
0.78135
1.46107
-0.78791
-0.67124
-0.08024
0.02467
-0.47406
-0.22570
0.44456
0.55795
-0.08398
0.26578
-0.12280
0.33952
-1.10235
-0.57600
0.78096
-1.11330
1.15766
0.07909
-0.31714
0.52101
0.07338
-0.43383
-1.10474
0.64473
-0.54154
-1.40752
1.33160
-0.20590
0.65054
-2.15378
-0.56479
0.18397
-0.31329
0.61567
0.53151
0.15251
0.33359
-0.99587
0.01692
0.45531
0.54473
-0.36419
0.54893
-0.28023
-0.65528
-0.32819
-0.78072
-0.30685
-0.41566
0.45445
0.40980
-0.82196
-0.58549
-0.15745
-0.97854
0.39832
1.36146
-1.06474
0.10702
-0.51734
-0.63215
-1.17956
0.63417
-0.69767
-0.08597
0.38574
0.15791
-0.87738
-0.33668
0.39725
-1.51092
-0.07080
-1.65104
-0.58836
-0.12102
1.32405
0.16536
0.73933
-0.57593
-0.61109
-0.85533
0.05143
0.18154
0.62244
1.55029
0.05788
-0.41963
0.58870
0.27068
-0.34947
-0.00558
0.33385
-2.04835
0.15851
-0.66813
0.92597
0.19510
0.08529
0.58683
-0.04625
0.31628
0.22870
0.49413
-1.45833
-0.36950
0.83519
0.31468
2.20189
0.80284
1.09541
0.12311
-1.09382
-1.21881
-1.45242
-0.00196
-1.13398
-0.89684
-0.13716
-0.03810
-0.56066
-0.33786
-0.87425
-0.46964
-0.98892
0.02085
-0.47278
0.75294
-0.10513
-0.90677
-0.26500
-0.51730
0.78535
-0.47368
-0.48959
-0.01963
-1.10555
-0.06887
0.24832
-1.84776
0.76084
-0.18597
-0.77904
-0.91658
-0.49491
-0.21821
0.26527
-0.57617
0.64036
1.06375
-0.76659
-0.26046
0.87689
-1.08472
0.70463
1.13882
0.60140
-0.46691
-0.26498
-0.23089
-0.38278
-0.37537
0.08676
-0.38866
0.09724
0.77002
-0.50564
-1.35152
-0.79943
-0.15523
0.20087
-0.16315
-0.88068
0.60283
-1.15061
0.30303
0.00102
-0.37649
-0.46516
-0.73445
0.07836
-0.07298
-0.67283
-1.62498
0.07138
0.89948
0.17079
-0.81966
0.72036
0.34672
-0.94337
0.69157
1.15139
-0.53028
-0.02193
-0.46856
-1.49394
0.28038
-0.22608
-0.62699
0.19930
-0.81810
-0.31442
1.01739
0.82263
-0.65775
0.71385
-0.56866
-0.45204
0.53872
-0.13109
0.52668
0.56203
-0.16561
0.24629
0.17732
-0.23611
1.28676
0.66344
1.62026
-0.63760
0.21902
0.38509
0.84223
1.25338
1.84541
0.52725
-0.14884
0.24929
-0.61230
-0.82077
-2.16830
0.52621
0.64358
0.52947
0.17823
0.01486
-0.70369
1.03512
0.13799
-0.19432
0.58533
0.81799
0.44384
0.28835
0.87736
-0.45471
-0.54868
0.71071
0.69086
0.43108
-0.30543
0.02458
-0.40644
0.61721
0.45798
0.47970
0.52437
0.93349
-0.44239
-0.49228
0.83544
-1.81906
-1.03211
0.34662
-0.33982
-0.71501
-1.53392
-0.77723
-0.35216
-0.76517
-0.13432
-0.04340
-0.85249
-0.54258
-0.46848
0.83197
-0.78413
0.89092
-0.14932
-0.05326
0.29264
0.16932
0.05857
-0.36333
-0.86838
1.41674
-0.30580
-0.09245
0.73796
0.53617
0.05023
1.01468
1.93574
-0.36892
0.36835
1.17975
0.05491
0.48453
0.26506
-0.01298
0.79566
0.62465
1.16180
0.40107
1.12095
1.57658
1.03348
0.87601
1.91969
-0.08175
0.63826
-0.28514
-0.46389
-0.34106
0.73246
1.61061
0.47622
-0.93651
0.53466
-0.38127
0.78047
1.06406
0.40093
-0.31572
0.53261
0.92401
0.86325
0.43673
-0.14385
-0.05681
0.53504
-0.68417
-1.09185
-0.25903
0.66488
0.50176
0.62161
-0.36231
0.83269
-0.67912
-1.21434
0.46642
-0.30204
0.08994
0.70527
0.72822
-0.79945
-0.00432
0.31187
-1.10715
1.13248
1.27659
1.17075
1.14486
0.80307
0.46678
0.90830
0.54369
-0.14706
0.77911
0.44349
0.54998
0.73785
0.09826
0.02347
-0.31269
-0.03561
0.20407
-0.42277
-0.32498
0.65407
1.08820
-0.43992
0.13076
-0.44388
0.37888
0.59032
0.47094
0.56049
0.45687
-1.32755
-1.33509
0.79150
0.00063
-0.83082
-1.97490
0.22619
1.36873
0.18973
-0.47089
1.33077
-0.53876
-0.52010
-1.24937
-0.37186
-0.68684
-0.00416
0.03514
0.70384
0.38454
0.24436
0.26652
-0.72332
0.15062
-0.27584
0.43398
0.82347
-0.87427
-0.39064
-0.19964
-0.46241
-0.16830
-0.33154
0.10429
-0.34327
-0.14778
1.68475
1.24288
1.40892
0.23954
0.80475
0.28638
-0.62432
-0.17497
-0.43886
-1.23979
0.37085
-0.84270
-1.22906
0.17624
0.41964
0.01403
0.63955
-1.36786
0.67028
0.62265
0.65244
-0.24292
-0.84487
1.13577
-0.24803
0.72905
0.30933
-0.24817
-1.89665
-1.29287
0.69289
-1.02828
-2.16003
-1.54850
-2.07450
-1.68079
-1.07595
-0.45278
0.70398
-0.44864
-0.28200
0.87179
0.09766
0.05319
-0.47095
-1.17867
-0.13030
0.04828
-0.47937
-0.08871
-0.05145
0.19464
-1.65400
-0.42923
0.32658
0.12384
-0.19683
-1.40920
1.12236
0.56047
-0.03459
-0.46131
-0.64177
-0.28261
-0.01415
1.03809
0.28343
0.36200
0.77323
1.33190
0.19957
0.00417
0.04635
-0.20914
0.37910
-0.69766
-0.60845
0.74953
-0.11730
-0.33195
0.47369
-0.09674
-0.33642
-0.46401
0.49048
-1.13842
-1.28846
0.29600
0.54617
0.03381
-1.21896
0.88346
0.11282
-0.60405
-0.27839
-0.76853
0.03386
-0.60672
0.74113
0.04805
0.45677
0.55402
-0.68927
0.21720
0.49053
0.06934
0.20683
0.73793
0.59169
0.31422
1.37083
-0.29603
0.14591
0.58117
0.23347
0.36783
-0.65569
-0.90770
1.44171
0.58280
0.71296
0.09029
0.83212
-0.29673
-0.63075
0.21220
0.29922
0.00021
0.44612
-0.43296
-0.12932
0.35499
0.60696
0.63433
-0.28830
-1.30655
-0.69290
0.40344
-0.47487
0.63700
0.07020
-0.05646
-0.79680
-1.58340
0.22608
-0.99862
-0.88959
0.51005
0.09933
0.87371
0.24529
-0.32164
0.72051
1.11701
1.19897
1.22605
0.27534
0.51224
0.91225
1.55839
-0.83861
-0.38346
0.50798
-0.40812
2.21271
-1.36627
-0.30006
-0.67993
-0.47958
0.09052
0.60352
0.88904
-1.07073
1.02144
0.96620
-0.82712
-0.31232
0.20827
0.31891
0.29993
-0.06070
0.93785
0.48681
0.25728
-1.89388
1.08882
0.96200
-0.86264
1.23866
0.05506
0.51811
0.54263
0.66846
-0.00676
-0.68372
-0.60521
0.97396
0.22200
-0.22749
-0.48307
0.56389
-0.32672
-0.53254
0.26875
-1.00880
-0.28976
0.68221
0.51342
0.00217
1.16863
1.29609
-0.84514
-0.08707
-0.17831
-0.01947
-0.91242
0.81375
-1.33140
-0.61773
1.64332
-0.57086
-0.00426
0.99276
-0.21299
0.90661
0.48413
-0.07568
0.46773
0.03102
0.19650
0.19234
-0.71383
1.40489
0.27650
0.30214
0.29804
0.92257
-0.43661
-0.89604
0.72295
-0.07789
-0.49205
1.12362
0.71143
-0.35227
-1.07852
-1.18270
0.65297
-1.05763
-0.36761
1.43686
-0.18948
0.33840
0.73856
2.05003
1.31288
-0.97438
-0.52548
-0.28364
-0.44579
-1.41081
-0.42308
-0.58940
-0.72732
-0.67434
-0.24329
0.77068
0.58464
-0.47041
1.11021
-0.03490
2.19172
0.08736
1.90445
-0.41047
-0.27271
1.02058
-1.44047
-1.48121
-0.10512
1.04410
-0.39229
-1.24257
0.26607
0.25218
0.33359
-0.01065
0.29724
-1.01149
0.01740
-0.31054
0.80289
-0.87223
-1.37325
0.26848
-0.09873
-0.66527
-0.54779
-0.01841
-0.36631
-2.15161
0.12056
0.81434
1.26615
-1.00621
-0.37503
0.02052
0.73735
-0.35751
-0.19064
0.58225
-0.24797
-1.19999
0.06573
0.27446
-0.02326
0.00226
0.45139
1.37026
0.87058
0.07982
-0.74861
1.02973
0.30152
-0.69399
-0.65504
0.63873
-0.69667
0.04364
0.25214
0.47982
-1.30042
-0.36203
-1.94561
-1.24703
-1.19736
0.18918
-1.00427
-0.87159
-0.27289
0.10400
-1.10383
0.66818
-0.46903
0.07343
0.89716
-0.68596
0.59585
0.86990
-2.24284
-0.87210
-0.40668
0.18391
0.56869
0.78959
-0.10920
-0.18993
-0.28531
0.30513
0.03446
0.09515
0.35806
0.93798
-1.52188
0.52632
1.19450
-0.65813
0.38196
1.15414
-0.25211
0.45350
-0.16447
0.60384
-0.93708
-0.17045
1.39219
0.14279
0.22862
1.08916
0.32781
0.41402
0.28891
0.70407
0.53572
-0.37602
0.21340
0.36776
0.33336
-0.11554
0.64099
0.69156
0.46439
0.41447
-0.39344
0.25060
0.12584
1.03254
-0.06139
0.40277
-0.17606
-0.74237
1.84952
-0.01671
0.10304
0.88233
-0.09680
0.01849
1.12796
-0.38877
-0.08054
-0.31990
-1.36931
-0.61501
-0.02443
-0.99669
-0.26645
-0.89093
0.69769
-0.02398
-0.41162
0.52106
0.19005
0.54050
0.31343
1.72692
0.33267
-0.27687
1.50345
1.02561
-0.15098
2.17372
0.15366
-0.02501
0.50027
0.68130
0.19774
0.70301
0.46258
-0.38684
0.74212
-0.10596
-0.75690
0.09333
-0.21986
-0.70084
-0.13216
-0.03753
-0.73333
0.07688
0.51157
-0.68324
-0.47764
0.47370
-3.23264
0.18185
0.94233
-2.56591
-0.28355
0.62100
-0.83442
-0.93843
-0.18426
-0.61914
-0.12204
-0.54722
-0.77115
0.74280
-0.23270
0.65821
1.22655
0.40131
-1.52662
0.72650
0.26978
-0.02284
0.11736
0.97745
-1.54370
1.10178
0.57918
-0.10078
1.21714
2.43395
0.25001
0.18299
0.31052
-0.24402
0.95206
0.50854
0.57217
-0.00338
-0.02078
1.11680
-1.36294
-0.19643
-0.34161
1.16988
0.68381
0.16272
-1.26293
0.39180
0.72236
0.00219
0.21523
-0.36372
-0.59401
-1.37473
-0.36508
0.33564
-0.97881
-0.90870
0.06742
1.38350
1.58778
-0.86160
0.14896
0.13882
1.08533
0.30177
0.35171
-0.38027
0.02444
0.38944
-0.75101
0.88253
0.87170
-1.06295
0.64205
1.84607
-0.24217
0.45061
-0.11062
0.02328
0.01085
0.46525
-0.51590
-1.12931
0.77413
-0.52907
-0.15722
0.65154
-0.70508
-1.26764
1.41385
-0.02173
-0.54461
0.21772
-0.09946
-0.06735
0.54763
-0.05530
0.30816
-0.13103
-0.49377
0.48563
0.24317
0.20713
0.67281
1.26541
0.62974
0.16783
0.41470
0.70566
-0.58049
0.22968
0.70058
0.32917
-0.52057
1.74208
0.54824
0.31534
0.50168
-0.08463
-0.03686
0.07398
-0.57557
-0.21422
0.61460
0.67399
0.92710
-0.62084
0.33851
0.43503
0.18282
0.40984
1.16084
-1.53847
0.48372
-0.74245
0.15967
-0.47045
0.64474
-1.15615
-0.65494
1.05625
-0.36038
-0.46632
0.25139
-0.28482
0.00156
1.19570
0.70410
-0.55323
0.68635
0.20375
-0.83441
-0.06580
-0.18925
-0.52267
0.41504
0.23068
0.27974
1.01973
-0.21086
-0.25104
-0.42084
-0.20564
-0.67057
-1.31579
0.97412
-0.40043
-0.74583
-0.26284
0.43347
-1.94191
0.55169
-0.25490
0.66015
-0.19978
-0.99951
0.46597
-0.32957
0.21095
-1.30792
0.70378
0.63948
-1.96890
0.55822
0.96387
1.65511
-1.38060
0.07308
-0.01840
-0.12792
-0.05861
-0.36496
0.10019
0.08617
-0.82220
-1.40908
-0.71514
0.52387
-0.90197
0.08287
-0.20764
1.14834
0.58768
-0.24066
0.58445
1.33205
1.51410
0.56942
0.86431
0.63885
0.31636
0.90055
1.72681
-1.09962
-0.23709
-0.09771
-0.46081
0.42313
-1.19772
0.62790
-0.25879
0.38720
0.73917
-0.70726
-0.99554
0.36412
0.78445
1.97897
0.88965
0.11625
-2.28067
-0.99861
0.38893
0.96669
-0.82616
-0.39706
-0.00286
0.89770
-0.62592
-0.84127
-0.65434
-2.06794
-1.86951
0.40458
-0.10922
-0.50753
-0.63185
0.03588
0.67276
-0.21507
0.94328
0.15131
-1.28601
0.17351
0.04322
-0.09324
-0.63729
0.45338
-0.38512
0.29701
-0.64017
0.22693
0.97619
0.02872
0.89686
1.64037
-0.70489
0.36116
-0.04378
-0.02564
0.11329
-0.04659
0.35708
-0.19487
0.10788
-0.29003
-1.05892
-0.92845
-2.74529
-0.80624
-1.24152
-0.31434
0.49747
-1.08338
1.13951
0.03129
-0.32782
0.10952
-0.98894
0.83474
-0.24078
0.44984
0.23206
0.05865
0.33471
-0.59825
0.22598
0.34314
0.05900
0.11391
0.96363
0.03437
-0.12703
0.42410
-0.57425
-0.09885
-0.66469
-0.17480
-0.05208
-0.90654
-0.33329
-1.34500
0.01910
-0.13669
0.93222
-1.27808
-0.74907
-2.56107
0.68943
0.21887
-1.66005
0.29255
1.29009
0.50699
0.77776
-0.12655
0.99900
-1.14752
-0.58964
0.51708
-0.28629
-0.18212
0.83526
0.10008
-1.24318
-1.09649
-0.28768
0.10218
-0.53036
0.67605
0.46352
0.10684
0.87199
-0.51405
0.56989
-0.35787
0.49202
-0.36874
0.44988
0.09101
0.63101
1.46669
0.90444
-1.00841
0.42899
0.27717
0.61871
0.35301
0.47472
0.84525
-1.35413
0.59370
0.29071
-1.27217
0.63002
0.24859
-0.44689
0.01412
0.17244
-0.70436
-0.87901
-0.11765
-1.08566
-1.14024
0.05485
-0.87562
-0.22498
0.68477
-1.99468
0.12733
0.43192
-1.30645
0.33367
0.02816
0.53336
-0.89588
0.38960
-0.35894
-0.28237
-0.04593
0.94399
0.23251
-0.33520
-0.66140
-0.83515
-0.25544
-1.64530
-0.64973
-0.91717
-1.38657
1.10370
0.86633
-0.05875
-0.26173
-0.30941
0.51646
-1.12038
1.17167
0.33056
-0.30944
1.30773
-0.16936
-0.51552
0.83370
-0.12982
-0.57519
-0.34150
0.01137
0.79340
2.38876
-0.44449
-0.69356
0.78375
0.04748
-0.91325
-0.10898
-2.13223
-0.42013
0.06241
0.25721
0.42905
0.01930
-0.41141
-0.52621
-0.34547
0.14530
0.62953
-0.37706
